19810101
0.42
89.54
17.86
5.26
145.78
5.84
25.64
0.62
5.28
11.12
58.36
20.26
0.9
0.96
5.08
5.08
0.28
20.18
2.54
37.18
84.66
112.54
72.38
297.8
101.82
4.8
3.5
1.8
13.98
10.98
187.52
103.1
25.34
105.04
401.06
14.52
0.28
9.48
0.14
0.14
235.2
61.08
8.18
0.14
9.64
0.14
175.64
115.36
2.54
1.82
0.06
1.24
7.76
45.06
30.1
0.06
2.88
4.36
27.12
15.82
2.34
0
16.9
4.18
0.82
139.84
235.9
379.2
144.84
16.42
49.34
9.88
72.16
248.6
208.68
72.74
12.54
7.32
9.58
263.78
29.94
288.14
195.04
4.54
99.36
57.26
149.56
147.56
56.9
7.96
0.28
186.98
47.3
62.56
62.9
8.3
5.9
10.78
94.76
103.06
9.82
0
0
0
1.24
137.06
101.48
42.36
50.34
74.92
119.62
304.28
90.98
18.54
32.4
58.02
49.02
27.6
1.58
4.66
119.82
24.72
3.44
22.22
69.6
176.58
117.66
14.14
254.88
97.92
16.58
0
0.34
216.94
94.86
119.34
1
2.26
2.04
12.4
5.02
168.34
108.14
85.6
9
2.6
0.28
30.48
192.4
318.64
164.76
24.16
120.5
6.62
0
1.1
2.88
39.96
43.6
10.16
41.48
253.14
4.74
17.64
6.12
47.96
115.26
57.88
173.08
21.12
16.66
41.1
67.06
83.32
53.52
25.1
71.2
350.48
111.34
5.94
170.76
5.76
12.84
14.18
27.98
0.48
0.48
77
19.26
1054.68
244.42
69.36
14.6
3.54
2.68
1.06
160.94
94.04
8.34
0
0
32.54
92.46
0.28
0
0
0
0.68
43.92
3.44
17.88
14.7
0
0
0
6.8
2.74
0
1.78
0
169.46
1.44
2.12
0
0.76
0.76
0
217.88
277.34
31.58
7.62
0.76
8.1
0
0.82
2.96
6.86
0
403.82
496.44
20.74
0
0.76
26.3
8.92
1.02
0
0
196.1
12.9
0
166.38
300.26
0
50.02
0.42
4.54
0
0
0
0
0
0
0.54
19.54
278.7
37.28
0.96
0
0.54
0
0
0
0
1.78
17.1
10.98
0
0
0
80.02
239.44
156.76
131.98
147.62
142.48
122.36
8.24
7.9
115.84
710.58
296.42
91.12
0
0
0
81.84
558.18
287.56
8.24
0.28
0
3.16
8.38
25.24
3.06
31.58
28.04
22.76
12.26
45.12
48.78
25.78
298.48
70.2
12.9
507.3
54
11.4
0
0
0
29.66
2.12
0
0
0.76
0.14
0.14
4.06
410.76
135.58
58.2
162.8
160.82
48.86
16.54
123.52
113.7
15.58
218.32
147.5
63
1.78
0
0
0
0
5.9
299.34
33.5
16.2
114.98
76.9
187.18
362.9
24.34
27.02
10.1
2.2
28.84
187.42
17.1
6.04
0
0
36.88
24.16
13.8
175
56.92
148.52
112.86
40.3
0.28
175.58
43.06
186.98
299.96
24.28
348.48
101.56
299.76
74.74
29.94
519.24
20.06
0
0
0
1.24
8.24
6.7
0
1.92
0
0
0
0
40.92
430.46
154.84
38.24
44.42
11.4
3.5
90.6
16.62
2.54
0
0
0
1.38
0.96
19.02
3.84
3.44
6.86
20.94
65.96
45.74
48.62
3.08
38.46
120.3
225.04
168.92
429.9
90.7
3.78
164.14
17.86
51.54
11.68
8
14.78
167.92
52.12
4.88
26.2
33.68
203.62
63.96
5.14
2.06
13.04
89.8
81.28
31.72
10.06
280.9
4.46
4.98
20.94
11.46
222.12
173.54
19.02
20.06
9.68
17.68
16.96
0
42.06
15.38
8.38
15.86
8.38
2.2
0.42
23.42
55.48
83.42
29.12
10.98
71.28
23.08
6.6
44.5
1.52
0.2
419.24
27.12
2
2.2
14.42
24.48
58.64
165.18
252.78
66.16
0.14
0
0
53.76
380.4
62.76
88.3
45.98
21.62
7.42
53.46
17.74
0
0
8.96
36.9
12.9
0.66
352.14
947.06
372.64
251.34
30.56
23.24
0
0
0
0
195.08
104.3
0
5.14
11.6
13.6
95.3
282.48
0.54
0.14
42.58
8.1
2.6
0
36.32
62.76
9.48
0
27.22
9.82
6.72
34.74
111.28
73.4
3.02
1330.34
14.42
4.18
0.42
1.86
777
6.32
1.86
0
1.02
0
0
16.82
320.28
24.86
2.88
13.94
14.76
3.5
311.06
291.42
72.3
44.36
33.78
1.38
205.24
133.62
96.82
22.42
35.3
15.32
0
0
13.8
55.72
56.16
5.64
0
0
10.92
15.94
101.14
234.56
19.5
46.52
20.18
11.26
6.72
0
93.46
57.74
3.44
0
16.42
61.96
0
15.72
5.02
5.02
0.2
0
5.76
3.44
0
207.78
85.84
7
59.06
27.8
1.24
0
0
11.94
79.24
242.84
19.02
379.3
31.8
0.54
0
0
3.5
269.02
303.42
0.2
0
613.96
339.88
15.44
8.18
486.48
424.96
274.66
25.26
0
26.72
606.18
30.32
0.28
7.48
45.24
87.2
0
134.72
23.08
196.52
311.66
94
49.44
25.54
0.42
0.14
86.8
59.26
93.58
198.34
35.84
0.68
2.2
55.9
216.56
63.1
1.16
0
185.6
16
5.22
0.48
0
0
21.46
27.54
7.76
1.38
2.2
1.86
0
4.6
12.64
19.5
4.12
0.9
0
0.2
0
1.44
1.44
0
0
61.04
9.34
1.44
24.86
59.8
278.3
6.8
199.54
38.18
22.1
16.66
71.54
153.74
306.66
134.92
188.08
35.02
213.76
291.9
182.72
166.86
129.26
104.16
23.18
652.46
178.26
10.16
49.86
107.12
43.54
278.02
15.14
0.54
71.9
46.34
248.46
94.56
59.36
100.6
3.06
0
5.56
28.88
568.4
103.06
2.12
0
14.52
24.28
1.92
4.42
0.82
0
0.28
0
0
0
2.34
38.04
57.48
42.44
45.46
12.78
10.84
150.66
88.3
37.7
80.26
8.28
7.42
5.76
0.14
1.44
6.04
8.1
0.82
14.18
2.4
0
0
1.44
2.6
203.42
31.18
37.22
26.12
0.48
6.94
35.3
17.2
2.82
46.42
3.16
0.06
5.02
0
4.5
12.5
55.38
1.58
110.52
73.68
2.96
2.06
0.06
1.1
99.38
96.62
49.3
98.6
4.26
0
2.2
346.04
69.84
11.12
220.38
52.02
5.76
4.16
2.26
2.26
0
10.6
53.46
36.04
103.62
1.44
0
61.72
0.2
0
0
37.22
9.16
39.76
18.36
5.64
1.4
16.18
5.08
1.4
5.9
0.78
0
9.06
7.92
0
0
0
0
27.16
10.02
0.2
13.88
1.58
44.5
29.8
4.26
11.82
0
88.86
363.52
174.14
0.68
0
98.06
0.62
0
0
0
0
0
7.2
6.52
5.08
37.98
402.52
46.52
16.34
237.64
58.5
0
0
0
7.28
11.32
19.92
21.26
185.68
70.44
10.34
123.9
21.7
53.62
151.6
35.44
88.02
155.94
1169.08
467.18
315.52
20.6
33.74
0
2.96
114.74
0.48
0
105.88
14.22
230.74
6.72
1.92
229.18
60.72
25.98
12.88
0.28
0
88.74
31.8
1.38
0
8.34
0
0.06
59.6
28.74
0
0
0
33.78
26.68
12.16
8.84
8.02
6.36
3.88
10.3
73.4
74.26
194.96
13.56
25.48
11.6
3.72
59.8
34.6
447.66
0
34.54
170.9
117.9
4.22
166.86
105.7
43.72
12.74
1.7
10.1
0
80.44
43.5
112.4
377.44
259.56
0
8.54
184.06
0.28
0
0
0
0
417.9
722.38
307.62
1.64
0
249.02
125.1
0
7.34
1.24
64.18
277.4
77.04
3.68
4.8
0
0
4.56
0
0
10.68
0
0
0
0
1.62
225.76
139.08
20.3
2.64
7.18
498.84
0
0
0
515.54
7.9
0.14
21.58
50.96
323.3
75.66
49.88
164.24
6.94
4.6
286.78
68.46
684.1
148.24
332.06
46.6
204.86
281
152.68
1.86
0
20.46
105.1
171.6
30.96
2.4
0.96
0.14
0.06
0
0
0
0
0
0
0
0
0
499.88
313.32
4.06
2.68
101.82
584.4
9.96
89.46
21.56
68.14
88.44
10.5
5.9
0.28
10.12
10.24
143.34
32.62
719.6
763.06
135.96
202.26
31.66
6.2
20.06
11.94
2
10.56
287
522.68
638.74
132.94
83.56
195.52
261.52
114.66
25.96
146.32
10.1
306.76
107.28
65.98
314.96
21.9
4.22
19.36
30.76
4.8
30.04
16.36
33.28
16.26
2.76
0
3.08
2.82
2.06
4.98
62.82
0.62
8.86
23.98
8.24
2.88
0.48
0.68
27.32
146.28
160.78
74.6
30.96
0.34
66.6
88.92
4.74
2.34
0
0
0
0
0
15.52
17.34
77.6
48.74
106.36
50.1
12.32
44.02
278.08
464.42
125.7
71.52
24.22
12.4
42.44
30.18
110.92
11.28
1.38
5.52
0
2.84
1.3
1.76
2.4
4.12
1.28
57.44
86.96
245.32
131.38
97.72
52.36
8.86
0.28
0
13.12
13.66
6.18
0.9
0
2.84
36.36
14.9
9.62
27.4
679.1
496
47.96
21.5
6.6
6.6
7.82
26.58
12.02
56
314.86
68.88
124.12
43.4
35.98
0.14
16.42
141.48
158.62
209.28
177.78
206.14
78.82
95.64
129.08
60.5
0
201.74
172.7
76.6
1.64
7.7
0.42
1.78
41.48
141.92
43.26
630.34
28.22
331.72
97.58
9.02
181.06
64.4
36.88
370.1
1.72
464.38
111.3
79.18
154.98
5.22
25.88
461.36
150.38
54.72
91.4
74.36
30.14
25.74
1.44
194.94
200.08
66.12
173.38
94.14
33.78
410.14
38.38
106.08
311.46
190.2
18.64
15.24
53.08
161.6
10.98
1.16
4.6
176.06
0
0
0.54
7.7
4.54
0.82
0.42
206
1.44
0
195.12
4.06
28.22
6.32
4.18
22.6
61.24
155.12
24.66
11.46
372.24
33.72
0
123.94
382.18
106.22
10.2
18.26
35.7
0.34
0
54.94
23.42
172.1
181.2
4.18
0
1.92
12.02
0
8.18
9.26
2
0
0
0
0
9.2
37.9
0.28
0
2.88
0
0
0
0
0
0
0
182.68
40.16
69.96
0
0
3.92
2.74
0
51.56
6.18
1140.82
58.64
1.44
1.78
18.6
4.06
0.34
0.76
0
16.96
87.68
76.98
716.34
621.76
182.88
259.1
130.8
80.88
148.72
144.4
297.42
742.46
49.72
0
0
0
3.08
5.66
0
2
293.3
112.02
40.38
0
0
7.94
444.56
204.82
0.42
0.14
47.76
0
0
0
0
0.58
18.26
0
0
11.56
7.62
0.14
0
0
0
0
48.16
2.4
0.14
0.9
1.38
0
0
0
37.14
340.1
108.46
35.16
3.3
5.6
9.02
17.5
1.3
0
0
2.48
0
0
0
298.14
398.94
68.5
17.48
3.92
0.28
0.54
0
0
0
0
0
0
0.06
2.96
1.1
22.08
0.82
0
0
1.1
0.68
2.2
22.36
10.26
5.64
1.64
12.36
266.32
231.5
41.44
15.34
10.54
4.32
0.28
0.2
0
0
9.14
20.94
3.92
19.3
155.8
44.84
4.9
6.94
0
19.22
26.72
180.86
41.88
127.26
16.54
72.68
4.66
254.02
3.36
0
35.54
10.1
0.42
0
0.06
32.54
0
0
76.56
57.44
17.02
3.82
79.1
23.1
86.38
30.14
2.82
77.08
42.1
50.82
115.36
0.9
86.3
29.04
82.66
99.88
268.92
198.48
221.44
92.14
16.52
38
398.36
0
11.2
52.18
302.54
99.6
140.66
27.22
47.38
10.98
18.68
339.68
243.7
335.36
34.82
25.74
12.9
9.68
1.24
7.2
4.66
0
0
1.38
125.1
76.36
75.74
0.76
47.58
22.94
14.56
5.84
0
8.92
50.82
54.58
166.04
123.52
31.18
16
31.62
48.4
17.86
9.2
6.66
0
0
0
11.6
5.9
29.66
19.08
0.28
84.26
67.12
174.96
12.3
6.52
139.94
225.74
29.38
280.16
98.32
23
33.16
248.5
188.28
44.56
11.4
81.92
1.52
19.64
10.58
7.14
9.06
35.7
5.98
1.92
1.64
12.78
62.96
12.08
2.82
0
0
0
0
0
0
37.84
0
8.86
3.84
0
0
3.6
103.34
178.04
10.36
122.16
24.16
123.94
43.3
1.02
18.24
24.54
8.62
61.96
0.68
71.76
33.44
28.08
49.98
73.44
57.32
149.86
23.82
102.92
42.44
153.3
135.14
134.44
113.22
95.52
17.34
13.46
1.78
0.54
763.56
119
117.48
33.16
90.22
86.66
25.82
7.56
194.66
16.96
3.12
1.92
32.28
7.08
13.66
0
0
8.18
16.06
99.6
13.32
78.14
2.88
3.02
4.94
516.28
36.76
0
17.44
22
22.38
4.8
0.34
0.48
0
0
0
0
1.52
46.9
25.68
0
71.14
23.28
1.78
0.14
0
0
0
0
41.68
72.02
17.14
41.48
24.92
0
0
0
53.9
23.48
0
6.7
67.62
132.96
0
0
129.88
452.04
243.32
91.66
3.84
1.56
1.92
0.34
2.92
2.88
0
0
0
0
0
19.78
509.98
114.96
50.4
15.56
33.16
0.34
0
0
0
0
11.4
56.4
470.12
98.02
4.3
0
0.28
83.66
0
0
1.1
71.92
261.86
263.4
28.42
352.46
149.66
3.48
71.78
42.46
204.42
105.78
44.5
35.08
20.5
0.28
98.06
56.28
271.52
53.78
279.3
138.88
110.64
139.72
89.1
6.72
7
2.92
17.9
49.86
10.2
0.42
4.22
5.5
0.14
2.74
31.72
286.36
3.3
0
0.14
0
37.32
418.34
0
5.52
0
0
0
0
0
261.82
5.5
0
130.5
38.56
0.54
0
0
0
0.2
1.3
103.24
350.54
81.3
93.42
64.92
1.86
39.14
70.14
80.98
43.12
0.54
1.68
384
50.1
0
0.9
11.54
300.7
332.02
6.7
0.42
2.48
3.94
1.24
0.06
2.74
8.86
0.28
0
203.56
57.98
7.42
84.52
12.9
123.64
5.64
3.22
79.38
10.72
0
49.34
59.42
17.64
31.58
29.46
59.36
40.66
10.2
13.46
256.66
62.82
19.08
43.18
21.98
36.46
55.06
8.78
9.2
5.22
9.52
10.48
24.44
11.32
2.06
0.28
108
112.58
1.92
86.24
173.18
224.54
131.5
0
139.14
127.44
31.1
4.74
14.7
7.34
10.12
19.68
25.96
2.68
2.6
1.52
0.96
199.84
191.48
37.98
51.32
82.38
154.18
120.5
100.46
6.86
264.88
163.84
8.18
1.72
0
5.14
3.08
0
0
0.28
1.64
1.1
319.16
302.94
12.42
424.08
516.4
138.56
159.72
52.26
28.02
18.26
46.96
15.24
16.04
8.72
14.94
152.4
145.08
141.56
28.22
11.94
44.5
24.3
25.14
87
26.58
81.44
165.3
60.5
1.72
0.2
10.5
19.92
112.2
0.96
0.28
93.72
135.54
3.58
283.38
170.64
78.14
67.9
104.62
45
71.34
42.02
4.18
15.38
0
1.58
0
0
2.68
72.1
75.32
0.14
12.7
0.28
13.18
4.12
18.34
2.58
136.78
76.22
34.12
0
279.62
221.58
941.68
76.94
143.54
251.68
124.36
274.38
147.32
0.14
98.42
27.94
18.02
1.96
226.86
113.06
14.22
0.14
0
50.98
6.04
1.02
126.38
84.24
25.2
5.52
42.16
177.88
1.44
8.04
0
47.8
614.06
124.08
0
52.04
22.1
25
6.32
214.46
66.94
20.56
23.48
0
543.34
31.96
23.62
359.04
49.56
13.98
0.54
15.04
2.92
1.64
1.88
8.42
4.84
0
0
227.8
4.32
28.64
1.86
0
0
1.78
11.46
0
0
0
25.62
326.36
0.82
6.6
18.88
28.04
0
0
0
0
0
0
52.18
3.3
6.12
23.34
0
15.84
10.06
0
0.2
561.22
306.28
30.46
0
0
16.04
0
0
0
0
0
57.92
0
0
0
0
0
1.52
0.28
3.84
662.58
91.98
9.96
0
0
0
0
0
0
26.36
2.98
0
18.92
0
0
0
5.36
0
0
0
21.5
7.16
6.62
0
0
0
0.14
0
0
0
0
0
0
0
0
0
0
0
0
0
0
91.66
7.58
0
15.68
0.14
3.94
0
0
8.6
0
0.06
11.12
1.58
1.38
1.92
0.42
0
0
0
1.44
1.58
10.5
8
0
0
0
0
275.28
0.54
0
23.28
120.12
64
0
37.32
0
105.68
12.16
22.24
65.58
20.26
1.44
0
0.2
10.34
56.24
31.48
33.44
18
15.38
1.92
12.3
9
3.84
16.68
0.14
0.9
2.48
3.44
1.16
0
3.3
87.38
0
16.04
290.18
16.82
9
13.46
1.78
0
4.46
3.64
0.48
0
38.04
1.02
0
4.66
183.64
43.26
227.42
61.8
91.4
81.1
291.06
21.84
6.04
25.2
113.92
77.18
126.28
62.9
100.6
8.52
258.32
73.78
26.78
66.2
117
38.56
145.56
74.56
191.5
17.44
0
0
58.68
0
41.96
362.28
158
82.94
50.2
4.12
48.58
170.12
97.02
10.1
14.42
70.04
77.6
20.88
6.72
7.08
8.92
18.12
35.4
31.1
11.82
6.66
18.68
127.58
209.84
10.5
680.2
25.14
51.16
20.94
0.28
0
269.82
29.38
9.2
0.76
48.68
9.88
154.88
22.6
9.02
5.64
0.34
87
29.04
18.26
4.18
0.54
6.66
9.3
0.14
0.06
11.82
1.44
1.72
3.26
75.5
13.6
93.34
0.42
24.76
194.38
60.14
85.1
24.68
30.96
117.88
89.76
31.56
7.62
0
298.62
2.96
6.04
190.68
354.1
592.72
71.28
44.16
49.78
39.68
0.28
0.9
7.76
130.8
438.02
76.28
126.06
53.22
62.42
1141.54
129.98
49.36
183.4
184.3
4.54
270.68
187.66
132.24
12.08
3.5
94
58.1
10.98
16.96
105.82
89.96
0
0
56.04
35.7
0.96
22.46
131.32
7.14
0
0
0
0.06
164.94
0.42
6.18
41.64
4.4
60.7
364.26
90.5
42.3
-1980
0
-1980
25
45.66
55.62
111.44
15.56
8.38
0
0.82
36.8
37.14
60.52
11.82
2.06
85.56
193.3
242.18
52.66
1.44
0
0
0
21.28
4.6
0
3.36
0
0
0
7.48
21.98
0
3.64
0
0
667.96
46.32
0.9
12.16
0
0
0.06
11.54
0.28
0.14
0
0
151.98
22.76
9.92
0
0
17.92
14.48
0
0
0
0
0
0.48
24.24
6.04
0
0
127.64
47.24
0
0
4.3
14.62
36.4
28.98
21.62
0
0
0.54
0.28
0
30.84
327.12
5.26
0
0
51.92
10.26
0
34.1
3.16
2.74
0.34
0
0
8.42
0
0
8.3
0
0
0
0
189.76
11.78
0
54.34
15.9
10.28
0.48
0
118.16
53.92
4.42
0
1.1
0
0
551.9
98.6
76.28
6.76
0.76
0
0.14
0
0
0
0
0
0.06
9.96
6.04
5.76
0
0
0
3.44
83.64
37.76
29.84
2.6
0
99.28
66.74
58.02
10.68
289
0
167.64
51.56
1.1
0
26.22
26.72
0.42
0.06
243.32
52.16
13.4
6.12
5.64
7.38
0.34
8.1
0.76
0
0
3.58
194.7
11.92
0
257.56
0.48
0
18.16
289.46
266.9
127.96
3.54
0
4.18
6.94
1.88
0
0
0
0
0
0.54
4.12
10.2
3.12
2.74
448.92
68.96
1.02
0
9.78
51.22
15.3
30.62
67.3
106.9
137
27.9
116.86
111.84
56.52
-1980
-1980
-1980
-1980
-1980
-1980
-1980
-1980
6.32
108.7
104.06
20.06
17.06
71.2
130.42
17.16
0
152.92
88.78
10.78
52.04
426.54
109.1
24.04
14.42
19.84
23.76
5.5
2.2
1.38
2.88
19.78
3.36
1.64
47.24
69.94
13.94
5.22
0
0
4.88
197.04
25.78
12.92
4.88
23.9
6.38
1.44
488.38
99.16
350.38
27.88
67.66
70.6
52.04
29.2
24.14
84.8
41.82
23.8
13.7
34.66
2.58
2.74
46.94
54
232.1
8.36
27.98
70.42
9.38
15.14
0.34
1.16
27.04
36.28
1.1
34.4
230.92
162.26
169.4
0.28
14.48
3.5
0.82
74.84
50.74
11.08
16.86
0
0
88.38
173.44
27.92
161.06
203.9
87.58
0.2
1.52
35.46
247.74
304.8
44.04
18.64
22.74
159.06
339.96
90.18
2
57.72
48.78
5.04
9.44
5.26
0
0.28
40.1
223.58
14.42
3.2
0
0
0.06
54.8
49.92
0
0
8.62
0
122.02
345.66
477.08
112.74
86.42
22.6
2.96
0
97.5
115.84
153.94
223.98
4.46
155.8
29.8
134.66
241.66
138.12
61.24
23.56
18.34
0.2
0
0
2.74
9.2
43.54
14.76
6.52
28.42
4.26
0
368.38
705.04
3.5
110.28
191.44
233.46
272.74
9.26
0
1.78
124.9
197.68
842
73
5.14
6.36
185.06
131.98
8.78
4.16
2.96
4.06
0.34
285.02
3.02
0
0
87.14
675.38
61.04
7.66
0.9
74.12
77.42
98.5
318.56
79.14
1.48
0
0
63.42
13.8
0
257.94
386.36
21.42
5.6
0
38.52
9.58
53.9
103.4
30.08
75.8
0.48
7.52
4.6
388.26
10.02
11.28
2.48
0
0.34
0
0.76
0.06
0
80.34
1.58
0
0
0
0.34
104.16
0
151.86
38.82
0
0
0
28.7
122.6
366.82
104.62
5.84
825.62
16.52
2.68
0
0
224.16
11.74
3.94
2.98
55.18
43.7
0
0
0
0
0
0
0
2.06
0.78
0
0
0
0
0
0
16.06
190.4
11.44
232.54
330.1
211.62
17.56
4.3
0
0.34
71
1
376.18
920.68
126.72
2.1
150.4
0.28
298
929.16
101.34
31.68
150.34
77.12
86.32
229.44
0
0
0
132.84
23.04
34.68
0
151.92
8
0
39.96
98.88
1.72
0.9
0
3.36
1.58
2.6
0
0
0.28
73.74
476.88
138.7
13.32
26.84
168.84
11.12
9.54
90.36
1.3
3.5
1.44
62.34
90.02
54.96
222.74
176.1
97.02
124.36
35.4
27.46
38.1
36.66
12.84
2.54
0
40.38
363.38
91.78
2.48
14.9
9.86
1.86
0
0.14
0.9
258
0.62
108.28
92.14
143.44
71.48
3.7
0
0.96
0.62
0
293.02
11.12
0.96
0.14
0
0
2.2
1.64
35.94
135.02
63.28
9.14
56.06
56.1
20.08
4.66
2.4
47
5.4
17.86
597.82
222.02
0
3.64
0
2.14
128.5
58.06
81.22
9.48
5.94
233.8
25.06
17.38
125.08
136
102.96
23.34
83.3
42.06
1.92
57.92
226.04
512.4
108.84
237.62
136.72
196.8
23.92
208.54
6.38
0
0
0
3.64
25.32
19.6
5.02
2.2
0
29.32
144.46
131.94
105.18
72.14
48.92
147.32
73.98
78
2.06
20.32
171.8
42.22
176.26
66.74
13.66
3.3
52.26
6.72
1.44
0.06
1.86
81.16
377.58
277.98
27.68
24.48
108.98
135.5
12.5
8.92
31.34
94.92
63.86
12.36
6.94
433.54
77.94
54.24
0.34
2.1
18.3
97.78
468.72
151.16
23.76
102.72
122.32
5.74
182.3
19.7
14.94
0.28
79.54
21.86
0.06
50.7
77.72
0
0
4.22
183.96
50.98
57.98
113.4
49.82
20.22
47.86
7.42
159.72
194.32
8.38
2.06
0.28
57.82
43.64
82.4
88.62
23.68
101.42
97.22
128.12
411.96
154.02
268.48
462.84
391.84
46.82
4.66
0
0
14.76
31.38
67.42
309.96
13.94
298.34
109.04
38.94
14.96
5.04
7.48
296.02
167.62
68.6
33.72
9.52
0.14
2.12
148.38
147.5
106.76
9.64
45.08
199.54
164.18
54.08
3.06
4.8
5.12
0
1.3
0.9
23.56
18.64
145.14
239.06
60.04
10.6
400.1
42.16
252.2
24.1
46.9
127.58
58.92
138.3
3.3
0
3.84
11.06
0
3.84
30.7
19.78
0
0
0
0
0
0
0
514.64
0
2.88
102.18
0
40.24
0.2
0
0
74.64
71.76
61.62
0
0
0
0
0
0
96.26
51.7
27.78
16.44
14.52
2.72
0.2
0
63.18
392.08
4.78
35.98
3.4
0.14
24.9
0
0
8.28
295.12
0
0
44.08
351.28
0
1.72
0
0
0.96
0
103.34
5.08
0
0.68
35.56
91.12
98.36
23.34
22.46
33.72
3.98
0.68
0
0.62
248.16
4.4
0.76
0
0
0
186.7
245.96
16.76
139.12
225.12
9.16
70.38
4.52
105.74
6.72
2.26
395.68
167.2
211.7
95.52
118.18
161.7
0.8
0
7.14
150.82
97.58
0
0
0
0
1.44
0.76
2.4
21.66
7.66
11.32
0.14
0
28.42
14.18
0
0
0
0
4.7
252.68
45.94
0.54
0
346.22
32.3
2.5
0.28
0
73.68
70.82
42.54
156.58
13.04
4.4
4.4
1.72
0
0
0
43.22
5.5
362.28
97.58
3.84
145.02
139.9
153.54
98.5
29.02
24.78
63.9
37.76
57.64
21.84
11.14
24.2
3.82
0.06
12.68
7.46
141.24
4.74
1
0
2.34
4.22
1.64
0.62
3.3
0
0
0
0
0
0.14
4.06
20.94
182.48
36.5
16.76
1.72
2.74
1.02
3.68
1.02
0
8.1
0.28
0.48
9.54
1.16
0
30.9
178.02
6.32
0.34
0
0
0
0
0
0
0
0
0
0
0
0
0
0
0
0
0.68
0.14
0
21.08
148.6
3.36
0.14
0
0
0
0.34
59.18
6.04
352.86
447.28
90.64
94.42
136.36
135.96
73
6.38
164.38
18.68
0
0
26.78
34.54
1.3
0
0
0
7.86
0.42
84.18
48.82
424.14
14.76
0.48
2.74
3.36
33.44
14.84
0
0.96
1.38
0
0
0
0
15.24
16.82
0.28
18.88
8.04
85.7
24.3
15.24
208.54
3.58
73.2
18.4
718.24
37.84
65.44
1.24
138.84
37.28
23.82
11.26
11.32
166.96
37.9
1.52
16.48
143.1
630.48
21.62
104.64
24.38
11.88
2.5
9.34
1.24
0
0.96
0
0.48
0
0
99.16
166.92
428.12
13.22
1.44
0.42
11.56
16.54
98.7
35.5
6.18
0
1.08
0.62
9.08
61.08
65.44
214
112
1.08
32.9
20.64
164.52
84.86
69.08
44.9
77.72
2.24
2.88
0.14
3.64
104.1
12.84
0
0.34
0
0
0
0
0
0.9
0.28
0
2.34
0
3
0
68.94
14.12
5.24
0
0
68.04
74.84
32.16
6.7
0
3.22
125.28
26.26
0.62
4.7
22.1
10.72
0
0
0
0
0
0
0.68
0
0
25.2
9.68
84.04
44.04
0
0
0
0
0
0
0.82
0
0
0
1.64
0
14.14
154.9
0.14
1.44
0.42
0
13.6
159.3
0
0.14
21.22
0
0
4.8
0
0
0
0
0
0.14
104.5
80
0
0
0
32.92
61.24
0.2
0
1.1
0
0
0
0.68
1.16
219.58
0
42.92
0
0
0
0
0
182.62
24.24
0
0
201.98
0
0
0.28
0.2
1.44
2.92
0
4.8
21.02
9.4
0
0
0
71.1
197.62
13.04
51.22
1.92
0
0
5.84
2.88
0
0
0
26.98
4.26
0
0
0
0
0
0
0
244.04
21.76
0.28
0.48
0
4.18
194.26
237.62
240.78
47.68
9.34
56.92
36.9
0
0
0.2
0
0
0
0
5.84
3.46
0.06
0
17.64
67.7
24.48
16.62
2.82
3.22
0
0
0
1.98
0
0
0
0
0.54
1.24
0
0
3.06
0
19.2
15.28
116.86
0.28
2.34
5.4
196.88
276.86
81.96
0
0
47.54
6.12
0
0
0
0
0.28
0
0
0
0
1.02
0.54
0
0
0
0.28
0.14
1.1
0.42
0
0
0
0.42
3.08
0
0
21.46
4.7
0
0
0
0
37.28
4.22
46.82
1.7
606.62
33.72
109.76
31.58
379.48
36.28
20.32
2.54
0
0.68
1.16
3.82
0
42.92
138.96
173.86
240.82
470.6
202.08
190.2
11.56
0
0.62
0
0.34
2.82
0
0
0
104.96
13.66
22.28
157.68
86.68
14.62
0.2
0
0
0
9.2
57.54
3.84
0.9
0
4.4
18.36
16.9
0
0
0
0
0
0
39.76
34.96
0
39.9
133.42
14.7
128.4
24.24
7.48
0
0
0.54
133.68
1.1
63.52
135.96
132.42
39.58
17.78
12.78
26.64
28.66
0.34
225.5
134.44
5.9
40.38
99.98
90.78
278.98
44.5
173.9
33.86
126.68
41
24.66
0.42
5.36
2.54
0.28
0
0
11.82
38.24
28.36
0.42
2.12
42.16
8.24
10.02
36.4
6.94
121.74
38.24
7.34
19.36
30.28
289.08
86.38
310.92
77.38
152.1
83.84
128.48
158.92
0.14
0
0
0
4.18
0
0
19.2
0
101.56
139.32
19.26
37.56
95.38
2.88
9.76
9.96
179.9
8.18
0.06
0
0
0
11.82
0
162.18
20.84
91.22
0
0
0
8.76
107.52
54.82
0
69.36
111.68
0.76
249.64
1.3
86.9
11.7
2.24
13.22
0
0
0
0
0
0
0
0
0
0
0
0
0
0
0
0
0
0
0
0
318.36
10.4
0
0
0
0
0
0
0
0
0
0
0
0
0
151.68
7.14
0
28.84
12.3
0
0
0
0
0
0
0
161.7
18.54
0.2
9.88
1.78
383.36
371.06
0
0
0
0
0
0
20.8
0
0
0
0
0
0
25.98
4.8
0
4.54
0
0
0
4.36
74.74
221.62
14.7
0
0
0
0
0
148.7
56.64
4.94
0
107.04
0
0
0.2
19.08
0
0
0.14
135.06
4.12
0
0.34
3.7
33.14
30.34
313.22
121.82
2.2
0
75.94
5.74
282.38
32.04
1.72
275.14
284
171.32
101.96
41.42
62.44
4.64
21.66
12.08
1.1
0
0
1.38
96.88
11.32
5.74
0
49.86
65.48
5.14
0.34
8.34
55.18
169.04
447.86
356.1
165.2
26.3
330.76
4.36
4.68
58.22
10.82
37.8
6.66
0
12.56
11.26
10.78
3.58
0
0.82
510.8
136.72
147.7
100.74
289.76
55.72
30.6
23.24
5.5
8.58
22.72
20.74
1.3
4.46
2
0.14
6.38
225.28
165.42
6.76
46.22
1.92
78.2
39.24
80.5
5.52
151.48
11.92
35.68
201.7
0
9.54
5.76
3.64
103.64
50.08
11.2
9.88
1.16
0.14
0
35.22
37.66
9.62
24.06
2.12
0.54
0
0
0
0
0
0
0
1.52
0.28
0
0
5.98
3.22
116.24
43.6
128.34
68.08
2.06
57.02
18.68
10.84
49.78
315.52
20.12
6.94
0
0
0.68
0.96
0
0
0
0
9
141.1
1.78
11.82
32.62
3.36
5.98
2.82
4.36
466.4
218.32
0
2.12
0.2
0
0
0
0
138.02
6.86
3.2
6.28
12.26
935.76
70
189.82
22.7
2.42
16.34
17.5
0
0
1.1
0
0
35.44
75.8
168.22
0.9
0.2
0.62
1.78
0
0
0
0
0
0.34
0.34
23.56
31.1
97.02
61.04
1.16
1.82
6.94
0
58.22
123.18
123.32
225.98
3.16
139.18
289.08
84.32
62.42
67.64
8.44
48
7.28
45.94
111.64
62.48
115.64
4.56
4.74
1.38
51.22
109.18
15.94
13.66
1.02
0
0
0
4.8
0
0
0
4.12
0
0
0
0
49.92
29.26
7.08
2.54
21.28
196.44
166.24
60.9
1.16
64.68
5.08
0
0
0
0
193.22
111.72
3.08
0
88.2
0
0.48
4.18
1.78
0
0.28
6.12
23.56
0
0
0
0
1.96
0
0
0
0
0
0
0
0
4.42
4.06
9.24
11.94
0
40.24
0
0
0
0
0
13.32
9.86
0.78
8.7
0.06
0
0
73.68
147.5
0.62
46.9
0
0
0
0
0
192.68
66.46
1.72
0
0
0
0
0
0
0
0
0
0
0
4.12
22.72
1.58
0
0
0
0
0
0
0.2
66.88
18.88
0
0
0
0
1.3
0
0
0
1.1
55.2
153.08
0
0
0
0
0
0
0.28
8.78
122.9
107.18
0
9.24
836.84
13.12
29.86
397.36
129.56
11.44
28.56
3.92
0
385.08
538.78
56.16
0
0.48
0
116.52
15.52
1.64
9.48
3.84
0
90.16
9.26
22.22
79
25.2
5.84
0
12.22
0
0.2
93.46
56.1
19.36
215.16
4.6
2.6
33.5
39.34
177.22
33.02
139.84
1.58
2.54
19.92
7
0
1.78
373.8
58.46
205.06
72.82
75.88
34.88
60.76
51.6
69.76
40.68
5.08
1.78
0.14
0
0
1.78
0
0
0
0
0
0
0.06
5.64
0
0
1.02
0.28
0
0
0
0
0
0.62
0.14
63.08
4.08
149.9
340.54
437.88
13.64
57.24
7.96
1.92
50.74
14.08
0.14
0
0
0
0
2.72
5.14
1.1
2.3
1.24
4.74
242.48
128.8
4.54
1.48
2.3
1.24
2.54
2.76
18.22
6.26
9.64
32.76
22.52
70.2
8.86
1.44
0.14
1.06
10.96
0
0
0
0
0
0
0
23
119.68
17.5
2.06
0
4.4
41.62
82.88
10.98
298.32
27.36
1.02
37.12
48.28
16.48
1.64
0
2.06
1.16
0
0
1.16
11.32
2.06
0
0
0
0
0.28
0
105.94
51.12
3.78
9.24
9.76
3.28
13.02
0
11.74
50.46
43.16
93.24
1.24
0
1.38
6.24
0.54
28.36
378.78
25.24
8.24
91.46
69.22
79.28
10.1
4.42
348.86
39.8
52.94
69.22
395.72
222.4
8.24
3.08
28.36
42.02
15.72
7.34
0.42
20.8
0
256.9
190.68
41.62
79.86
73.68
22.72
25.14
13.74
2
0
0
0
74.22
190.88
41.02
29.56
115.46
527.84
65.26
11.98
14.08
22.94
6.9
0
0
0
35.12
0
0
0
19.54
25.92
4.46
6.62
46.18
209.34
438.32
1.52
0
7.56
1.1
32.38
1.3
0
20.92
49.42
30.36
420.94
88.72
40.38
21.06
48.92
61.08
47.04
81.6
41.64
178.98
496.78
82.2
21.66
2.54
25.96
85.54
205.86
16.56
40.68
195.14
2
628.86
29.5
277.76
96.06
214.14
124.36
0.9
0.34
12.56
241.76
1.86
0
297.72
123.22
101.08
160.74
111.24
85.9
133.9
42.82
208.6
20.12
0
0
0
0
0
0
0
35.7
25
0
0
0
0
0
0
0
0
0
6.9
9.82
9.8
5.36
0
0
0
0
53.98
68.06
0
0
0
15.98
21.52
0
0
0
0
0
0
35.7
41.68
0
0
138.6
45.66
0
596.84
4.26
304.12
11.4
0
0.2
77.32
4.74
0
0
4.66
226.84
80.48
3.08
0.78
0
0
0
0
0
0.54
0
0
2.88
234.9
0
1.38
0
0
122.76
87.92
6.8
0
0
55.96
192.78
325.54
146.22
53.38
52.1
8.9
41.64
22.54
1.82
7.04
0
0
1.16
20.94
416.18
0.14
213.38
220.58
213.96
6.72
32.14
117.42
204.72
79.44
76.96
50.78
421.6
306.62
116.18
235.32
3.02
9.54
6.32
17.44
1.44
0
2
0.62
50.54
232.64
93.14
183
33.3
187.8
535.66
145.16
97.02
337.56
40.68
37.12
9.52
0
0
0.48
90.5
19.7
0
0
0.14
2.2
110.24
234.56
70.8
429.64
10.72
63.14
96.48
84.74
31.66
14
64.88
30.62
0.82
0.68
17.02
0.34
1.38
2.58
6.18
16.54
0
4.74
2.26
1.58
0
0
0
0
0
2.26
0.62
0
0
0
0
0
0
9.78
0.9
0
29.46
16.9
2.68
0.82
0.96
0.28
1.52
2.88
0
0
0.76
0
0
0.2
51.56
8.54
67.02
51.84
0.28
0.82
0
0
0
0
0
0
0.28
0
1.58
74.46
0.9
0.14
0
0
0
0
0.28
15.58
29.16
20.32
18.88
72.06
109.7
17.24
2.34
1.16
0
33.24
126.34
18.02
45.8
58.86
31.96
8.96
3.98
6.5
14.58
8.3
0
0
4.06
0.28
0
12.12
1.24
0
0
0
0
3.22
15.04
15.52
165.3
0.42
29.7
0
0
0
0
0
324.36
230.48
3.4
34.98
56.96
194.62
118.52
44.98
134.78
591.16
65.26
40.62
73.5
19.7
79.78
63.52
11.4
0
0
0
0
2.88
0.48
64.96
520.16
134.68
25.02
73.82
75.84
172.76
115.32
117.76
20.4
8.58
6.24
22.8
4.94
48.96
23.68
45.32
81.98
152.58
119.82
6.48
135.74
0
0
0
103.54
103.88
78.48
0
0
13.74
1.02
0
261.88
96.2
0.28
86.8
2.06
0
135.64
30.72
4.78
0
1.4
0.62
0
2.84
7.04
109.56
21.92
137.56
15.72
5.66
17.26
0
0
0
0
69.14
320.04
121.58
1.64
0
0
0
1.02
394.06
111.2
244.68
53.48
0.42
1.24
135.74
406.56
0
0
1.52
846.04
31.04
11.98
0
0
0
9.3
23.04
204.58
14.14
2.48
1.88
0
0
0
54.1
0
0
0
0
0
70.86
0
0.34
0
12.5
17.16
0.42
0.2
0
0
13.98
0.34
0
2.26
0
27.64
0
0
0
0
0
0
11.16
2.84
76.62
29.8
0
296.22
102.06
0
0
0
0.48
0
0
18.82
0
4.46
121.46
136.92
191.78
165.42
8.66
0.06
434.3
113.7
30.96
4.12
0.2
0
0
0
0
598.48
3241.52
927.66
100.46
9.68
50.46
18.74
0
157.24
62.1
394.28
78.62
33.4
180.32
340.16
104.16
185.18
2.6
27.4
56.72
89.54
5.7
116.36
48.3
12.7
216.36
6.12
1.52
3.92
25.72
131.62
46.7
48.72
26.48
7.56
2.88
0
18.06
36.74
14.22
19.64
211.62
10.72
0
1.64
8.9
50.78
25.34
16.28
8.04
108.5
0.34
0
17
78.62
22.1
5.56
0.54
2
5.76
1.64
2.26
93.86
307.82
4.66
0
0
0
0
142.06
211.28
5.84
1.44
0
18
5.28
58.44
102.52
39.48
20.32
151.2
22.88
0.2
111.76
22.18
301.84
48.7
0
235.04
22.46
72.64
29.76
113.58
268.16
289.56
96.86
35.64
7.16
38.52
6.86
362.96
191.88
347.24
12.08
52.52
20.88
209.16
1597.18
8.24
0.42
244.86
176.46
0.76
0
55.2
36.9
13.12
112.96
12.42
0
12.26
27.2
2.6
3.08
25.72
81.78
25.26
5.64
43.32
11.88
0
4.18
1.58
0.14
183.12
137.06
159.02
69.7
16.9
95.82
15.66
50.6
16.28
3.84
10.58
99.36
51.92
0
1.72
1.1
1.44
121.4
71.76
0.76
125.52
136.24
0.14
0
16.82
54.62
41.06
8.66
9.06
18.34
0
14.08
6.8
0
0
3.08
4.54
40.72
22.18
32.3
2.74
2.74
5.56
1.16
0
0.2
97.84
32.54
0
0
0.96
334.46
2.82
0
0
0
18.88
65.16
143.48
24.36
380.44
59.66
107.04
258.02
38.64
198.96
209.52
23.18
154.76
33.74
48.38
15.08
75.8
54.76
67.34
17.62
11.78
6.52
1.1
1.1
144.58
520.52
0
0.9
3.3
9.54
0
0
4.5
0
57.26
13.12
3.5
0
168.1
21.38
8.82
0
60.76
2.14
163
0
6.72
4.08
159.74
19.48
301.72
61.62
62.48
0
157.96
3.44
146.6
13.18
0.14
70.58
1.16
0.2
0
29.6
3.64
10.02
50.74
0.42
3.98
131.5
123.26
8.1
36.88
15.18
0.68
3.64
3.64
0
0
0
28.88
74.3
15.8
0
3.7
0
3.78
890
64.96
6.04
0
0.2
4.78
1.3
0
0
0
0
2.34
0.14
8.14
0.62
0
0
0
24.34
9.72
0
0.82
3.94
53.56
28.54
0
0
1.12
0.28
0
0
0
11.94
0
13.14
0
62.34
0
0
0
0
0
0
28.6
0.48
0.86
1.34
0.28
0.28
0
0
0
59.8
0.42
0
0
0
0
5.8
0.2
10.18
13.12
0.2
0
0
42.94
77.72
161.64
435.58
0.96
0
0
0
1.3
595.46
0
1.92
2.82
128.02
622.96
438.14
122.56
230.96
14.1
11.22
8.68
35.44
42.88
56.86
24.66
0.42
0
97.64
5.26
0
0.42
379.16
29.8
4.5
186.4
28.18
0.96
0.62
0
0
0
6.8
18.74
0
0
0
0
0
9.74
1.14
197.54
389.44
538.12
38.56
302.94
22.28
24.58
65.88
0
579.88
0
22.8
0
0.62
6.22
31.06
119.14
736.26
239.5
112.96
93.46
107.94
230.78
203.38
5.56
9.18
1.72
0.06
23.34
42.44
78.44
126
0.28
0
0
0.06
0
12.18
8.62
17.1
5.28
0
0
1.52
3.74
1.1
5.64
184.54
11.82
63.86
23.2
375.14
45.74
5.22
5.56
0.62
26.72
16
0.28
1.64
1.44
83.3
23.34
30.28
16.92
3.16
6.46
0
0.14
7.62
3.7
0.68
125.52
97.82
84.46
59.66
69.22
11.44
2
179.32
32.04
21.86
58.8
28.36
257.18
199.3
55.2
1.1
5.3
0.14
3.34
284
24.28
145.32
24.78
116.66
105.64
32.64
71.42
71.92
25.06
68.86
85
253.74
12.38
0
49.24
8.92
8.18
9
7
0.14
19.36
417.48
0.48
80.82
184.44
247.94
33.44
111.76
87.14
60.28
220.68
2.06
0
40.92
27.06
10.3
261.2
235.32
293.4
79.44
0
0
0.54
126.3
56.92
198.38
131.22
31.92
20.66
0.62
0
0
0
31.9
27.26
75.44
35.42
3.66
52.76
48.92
56.36
3.92
0.82
0
0
7.7
20.88
171.94
63.26
213.4
36.56
0.42
23.42
8.58
0
0
0
16.96
18.74
46.22
1.1
0
0
4.4
14.14
0.68
0
90.36
14.36
0
99.64
9
46.08
185.06
550.62
349.84
130.4
53.32
57.44
1.1
29.86
27.12
12.3
6.12
0
0
0
0
13.6
42.84
30.62
6.66
15.86
295.18
317.58
81.36
57.54
123.66
18.74
319.5
18.12
0
0
0
0
0
3.36
41.34
0.14
0
45.46
31.1
348.48
157.22
7.72
12.54
53.84
50.26
9.58
2.3
22.58
18.92
44.88
60.98
37.14
40.62
1.78
4.66
1.44
0
5.36
1.64
0
149
52.74
9.68
2.26
0.2
0
0
11.88
4.6
0
0
2
110.42
24.72
4.06
0
0
1.92
0.14
0.48
79.3
13.66
0.42
118.58
11.26
13.66
0
0
0
0
0
2.82
35.5
0.14
0
0
0
0
5.36
0
0
0
0
0
0
5.84
2.34
68.1
170.4
6.24
0.14
332.76
0
0
0
0
0.2
0
0
0
0
8.66
116.44
31.58
147.5
0.42
83.5
17.16
54.1
7.9
2.34
0
1.3
0
0
0.76
0
10.84
92.14
62.56
0.48
0.54
314.96
87.62
513.34
0.42
0.28
46.48
0.68
17.02
369.96
188.9
68.66
22.66
0.54
0.48
172.08
3.44
10.44
27.74
0.68
0
0.14
0.14
4.32
8.04
229.2
16.82
4.26
0
0
0
0
0
0
2.06
25.2
13.18
0
0.2
3.36
22.38
11.5
0
0
0
11.14
0.42
1.16
0.14
57.78
42.6
2.2
5.56
27.88
18.74
15.44
0
0
0
0
4.32
14.96
0
14.7
408.64
47.48
10.22
138.38
68.28
20.08
0.14
0
0.54
142.08
5.68
1.64
0
73.96
796.28
2.72
0
0
0
84.8
41.62
3.08
3.3
8.78
28.6
149.36
0
0
0
21.94
25.42
10.26
98.56
25.38
479.34
123.56
1.44
0
0
7.86
197.58
91.8
106.18
345.94
77.24
29.04
183.96
85.22
446.76
219.8
308.64
34.88
0.28
187.94
127.58
140.08
1.02
0.28
95.14
95.86
151.24
6.46
1.64
0.14
0
0
0
0
1.16
0.76
12.84
68.7
174.68
17.64
11.12
0.28
54.08
183.54
0
22.66
36.16
381.26
27.56
30.28
35.54
182.16
168.18
243.3
8.06
5.08
33.34
88.92
125.4
70.9
28.42
19.32
12.6
120.92
227.8
29.38
65.58
39.42
10.08
1.88
4.12
0.42
131.38
3.5
28
40.62
2.88
0
0
0
0
8.9
0.06
0
0
1.64
0
0
329.84
150.76
46
82.12
8.38
2.26
3.44
54.16
15.58
0
0
3.88
196.56
172.7
22.7
0
0
0
220.04
36.04
34.58
3.02
0.14
0
0
6.18
2.76
0
20.42
0.68
36.22
13.9
0
0
90.46
16.14
0
0
0
1.44
240.7
9.38
0.14
11.84
18.96
38.56
128
193.9
120.3
246.24
95.82
7.18
0
0
28.88
29.22
108.48
23.48
0
178.18
93.9
14.7
2.26
0.34
45.6
7.46
487.44
55
68.22
1.92
0
20.22
97.92
79.44
46.52
41.44
0
0.42
0
49.76
383.86
121.12
9.2
1.02
0
0
116.04
50.64
0
0
0.66
7.7
1.02
0
0
0
4.94
3.02
65.88
576.1
135.02
86.9
2.26
1.16
0.2
0
0
0.54
1.2
0.34
15.08
0
37.76
185.74
88.82
429.5
443.3
10.78
6.94
8.04
0
0.06
0
0
10.3
5.98
0
0
0
0
0
4.26
87.48
0
5.52
492.88
53.08
0
0
0
0
0.34
0
0
99.8
94.32
164.44
0
0
178.8
263.22
13.18
0.28
0.54
13.22
3.74
0
0
0
7.82
217.74
75.9
0.28
0.14
0
12.78
105.82
34.84
0
0
5.9
0
4.26
95.44
10.18
0
0
0
0
0
0
0
0.06
21.68
5.52
0
4.7
0
7.66
154.22
156
246.24
53.14
8.14
0.06
42.18
21.36
21.86
12.46
0
0
296.36
18.16
1.72
0
23.1
38.32
21.42
84.36
34.06
1.1
0.68
0
0
57.1
279.5
287.6
13.5
0.28
34.3
0.54
19.66
10.6
0
0.82
0.54
0.06
0.28
0.82
22.5
12.56
0.14
10.3
2.68
0.28
0.76
195.9
0.2
31.86
10.64
0
52.28
679.54
796.48
1240.4
65.24
25.54
64.4
42.84
593.34
53.76
95.64
73.74
139.94
8.44
10.98
529.96
139.26
81.3
192.88
213.68
318.84
76.86
56.62
11.4
15.46
0
0.42
0.34
5.04
32.98
18.88
0.42
15.8
118.62
39.72
17.18
1.24
1.58
2.12
429.78
114.16
18.48
16.54
70.82
120.96
33.48
23.34
0
37.56
0.14
5.7
56.3
84.46
214.44
225.56
69.96
74.78
9.14
11.26
170.4
95
77.66
6.12
0.14
0
0
0
0
1.72
12.56
421.88
558.8
33.5
0.96
0.96
0
0
1.92
3.78
17.62
0
0
0
0
0
0
0
34.12
16.14
0
0
0
0
1.92
37.14
67.22
120.16
142.42
0.76
0
55.48
9.26
0
0
0
2.12
83.7
19.44
45.74
13.04
0
0
0
0
0
0.06
5.66
0.34
0
0
0
0
0
4.56
24.86
23.78
6.04
0.9
0
45.62
66.36
1.44
3.88
6.32
39.28
2.68
2.68
0
37.84
0.68
0
0.14
0
0
0
40.1
0
20.22
2.34
0
0
0
0
7.38
0.14
0
4.26
0.06
0
0
28.18
13.98
0
0
0
0
1.48
311.12
285.68
23.08
18.06
60.74
3.46
0
39.9
30.56
263.02
337.58
72.64
32.1
47.48
0.06
1.64
106.56
25.02
0
6.46
8.78
0.48
5.4
0
113.1
7.42
5.94
0
0
0
0
0
1.96
0
0
0
204.34
28.6
28.32
0
30.84
0.76
0.66
61
0
0
0
0
18.2
56.76
0
44.84
53.94
0
0
0.76
319.4
696.72
0.62
26.18
140.7
120.54
28.42
2.64
33.98
144.12
45.7
85.52
552.38
22.28
273.8
17.5
1.64
0
0
0
102.52
0
0
15.72
1.92
0
3.84
129.84
10.58
0
0
0
0
0.96
3.92
24.38
0
17.3
11.4
0
0
0
0
0
0.42
15.18
12.08
21.42
0
0
0
174.86
0
0
0
0
0
24.86
0
0
0
0
0
0
0
0
0
0
411.82
3.7
0
0
134.92
190.54
64.68
0
0
1.92
1.52
0
0
2.06
0
2.26
352.38
0
0
0
0
0
0
0
0.06
0.06
0
0
0
0
0
0
0
0
0
0
0.28
0
0
24.9
141.96
10.88
0
72.62
40.48
139.12
43.78
85.36
81.84
39.54
0.14
0
0
0.62
25.58
19.74
107.46
18.78
3.68
0
0
2.12
0
0
0
0
0
0
6.78
49.82
362.94
28.8
49.82
143.14
51.8
284.04
307.92
0
0.68
0
4.82
0.28
2.54
57.36
116.8
1.78
2.06
21.5
0
0.48
0.42
0
94.46
62.04
21.28
77.94
138.78
166.48
51.14
20.4
14.94
0
0
55.76
40.04
59.94
158.86
95.16
5.76
16.3
28.54
100.56
318.3
164.34
250.76
12.3
3.74
57.84
0
59.36
123.98
102.44
0.68
0
1.86
3.06
75.9
215.8
21.8
16.2
9.26
116.92
0
0
0
0
0
0
3.78
260.78
4.98
254.24
71.48
61.48
295.42
114.46
116.24
9.62
1.88
4.46
90.26
0.48
0
0
0
5.88
7.94
1.1
0.62
0.82
0
0
0
0
1.38
0
0
0
0
0
0
0
0.14
32.84
1.02
0
0
0
206.24
232.26
55.3
22.9
5.4
0.9
1.1
19.4
0
0
1.28
51.22
0
2.3
272.4
109.42
0
190.02
138.66
15.44
2.34
17.82
16.48
9.72
8.24
4.54
0.14
8.72
0.06
0.54
53.16
0
0
1.24
0
0
0
2.64
102.96
77.52
39.68
254.82
161.08
26.1
160.12
11.32
91.52
148.46
100.46
198.1
154.22
3.02
243.46
74.92
155.62
181.82
9
10.58
2.74
0
28.64
14.14
1.44
16.14
564.76
15.32
159.72
388.3
149
117.48
82.74
97.1
4.26
1.3
0
0
0
0
0
0
0
25.82
99.42
5.5
0.54
0
0
0
0
12.56
2.2
0
1.24
118.86
168.44
609.74
96.06
0.68
256.46
2.34
16.96
90.7
62.66
0
73.84
135.74
2.24
0
161.9
99.98
72.16
7.56
92.52
50.1
2.64
0
0
0
0
0
0
0
0
0
10.5
1.28
2
0
45.02
47.3
100.66
390.16
5.22
0
0
138.02
12.08
0
1.44
3.98
0
1.1
7.9
0
0
0
0
0
0
0
0
0
0
0
0
262.36
5.08
0.48
0
6.94
80.88
194.88
30.94
0.2
9.26
0
0
0
0
0
0
9.06
27.98
0
0
0
0.14
1.1
0
0
2.68
29.52
56.4
22.48
9.24
0
0
0
0.48
0
0
0.34
0.2
297.14
130.22
386.92
0
118.86
22.36
20.32
75.4
239.82
97.3
135.4
24.52
50.2
40.16
15.44
0.68
0
0
0
0
0
10.72
0.14
52.3
93.66
89.76
27.68
752.88
60.08
117.38
160.06
13.9
16
307.06
33.1
30.52
1.02
39.72
71.86
63.14
10.4
0
0.14
0.14
87.06
281.56
12.36
5.08
0
1.1
0.28
8.9
255.32
71.9
3.58
0.9
97.46
0.34
1.78
194.86
3.64
108.22
255
1.58
0
1.02
0
2
214.64
22.76
17.88
12.62
110.8
27.2
23.32
9.02
2.98
2
10.92
0
0.06
0
0
60.66
64.06
62.42
3.22
181.3
66.74
12.66
3.92
0
17.78
43.78
47.14
8.14
1.92
13.12
7.08
266.96
19.26
9.68
0
0
2.4
0.2
0
4.06
226.5
65.74
3.84
0.2
133.56
8.92
0
3.46
23.44
3.6
1.52
2.98
14.36
44.98
35.92
2.4
0
0
0
116.6
42.5
653.06
330.62
16
183.34
96.68
0.62
2.34
104.64
15.52
0
0.42
0
0
0
0
0
179.36
155.32
275.62
120.78
2.68
3.02
1.64
30.62
17.02
14.96
38.1
69.36
164.18
141.8
372.1
120.54
99.76
9.54
13.94
17.82
13.32
29.8
69.14
107.18
38.56
152.84
51.5
212.44
89.46
109.8
17.74
0
0.14
22.52
0
1.58
12.54
592.98
77.18
147.12
5.1
10.3
7.2
11.9
1.58
0
0
18.74
0
3.12
4.36
5.12
18.6
2.54
36.36
234.98
18.48
2.1
56.72
277.7
392.28
55.76
10.98
0
0
0
2.54
8.72
9.54
2.06
0.34
237.16
164.38
15.04
2.34
57.06
116.66
158
23.62
524.8
8.2
3.08
154.5
8.72
119.54
397.26
159.5
194.66
2.82
0
40.58
114.8
6.32
23.56
0.34
0.14
0
28.94
667.8
144.72
16.82
2.34
200.8
0
0.54
110.9
85.14
188.14
417.74
59.46
5.56
12.04
55.68
4.88
42.94
253.3
71.38
9.18
1.92
45.36
0.68
0.92
0.2
0
0
0
0
31.92
115.02
96.74
15.22
674.98
67.22
74.98
0
12.54
2.1
0
35.26
51.56
69.7
5.76
0
1.94
1.38
0.48
63.1
4.06
0
0
0
8.92
82.08
30.46
15.2
3.94
0.28
0
0
0
103.06
120.84
13.18
5.64
7.96
0.68
9
0
15.66
54.46
0
0
0
0
0
0
1.16
9.34
1.58
2.34
0
0
0
0
34.16
1.02
0
0
0
9.68
0.96
68.18
6.12
13.6
71.2
7.7
116.86
11.94
16.28
0
0
1.02
262.22
20.6
26.16
0.54
61.18
0
0
0
0
0
37.42
3.92
0
0
0
0
0
0
61.84
0
0
116.6
0
0
0
0
0
0
0
0
22.96
1.52
0
0.14
193.78
302.16
29.86
6.54
3.9
0
354.14
446.26
157.64
113.64
0
116.56
2.26
0.28
368.38
38
9.34
3.98
0
0
2.72
3.68
0
0
186.04
20.78
2.26
0.06
20.6
293.5
195.9
14.08
551.78
55.24
448.68
136.58
151.44
3.3
0
0
0
2
33
0
259.44
147.74
31.24
0
128.6
28.26
16.24
2.58
26.44
103.46
39.68
5.88
128.1
12.3
7.12
54.14
326.62
237.2
89.46
98.7
13.5
5.42
16.2
8.94
0.54
2.06
0.2
0.14
0
0
8.04
1.1
17.3
53.84
1.44
0
0
79.1
85.62
360
114.8
61.94
195.9
37.84
90.56
0.54
54.38
180.52
39.48
1.3
0
0.68
4.26
32.1
113.26
151.26
121.84
87.42
11.82
1.86
8.24
18.72
0.28
1.24
4.66
1.16
3.98
2.12
18.2
42.64
7.62
3.36
5.02
1.3
1.24
4.06
12.02
45.8
24.42
5.84
6.6
63.72
184.58
54.1
1.64
0
0
0
5.14
10.98
0.14
0
464.3
61.32
1.86
0
0.06
13.12
106.98
32.62
0
50.58
8.78
23.68
0
8.24
234.24
97.02
482.44
168.7
72.62
1.38
0
0
0
4.8
0
0
1.44
63.18
435.36
106.54
0.06
143.74
0.14
0
0
0
0
11.54
1.48
9.26
3.64
3.5
39.2
0.54
8.04
34.34
19.92
32.4
0
0
1.72
40.04
49.64
204.92
123.94
13.6
144.54
0.82
229.2
46.8
0.76
23.18
33.1
95.98
53.86
7.32
0
21.1
14.08
48.52
63.9
179.14
2.34
204.44
120.02
329.9
2.68
31.34
0
0
0
375.06
18.26
0
0
0.62
702.92
164.84
0
0
0.82
27.46
0
17.86
7.9
28.9
4.12
47.1
54.28
13.32
1.38
0.28
0.06
0
0
83.3
17.1
11.06
0.28
53.84
16.76
0
0
0
0
270.34
139.02
2
11.88
26.5
0.14
0
0
0
38.04
42.02
1.92
0
0
130.12
273.14
47.1
70.32
275.58
3.84
0.48
0
0
0
0
0
3.78
2.12
4.54
0.62
0
1.92
62.72
0
0
0
0
25.98
63.68
0
0
0
37.12
0
302
130.66
45.6
4.54
181.42
66.98
49.38
0
0
0
0
0
0
8.72
36.26
320.44
115.52
1.88
94.84
2.54
0.54
0
0
35.2
105.16
0
40.16
54.7
0
0
0
0
0
0
0
0
0
0
15.82
0
0
0
57.48
4.52
0
0
0
0
14.32
0
0
73.2
414.16
0.06
0
43.68
14.52
0
0
21.8
0
0
0
0
25.26
38.8
0
0
0
0
0
99.32
716.66
27.06
0
0
0
0
0
15.24
0.14
624.2
199.44
0
46.52
48.52
0
3.54
9.16
0
0
15.62
288.1
369.4
119.54
624.34
336.36
793.54
3.86
1.64
0
0
0.9
0.28
0
0.06
0.14
0
14.62
22.92
0.2
2.88
12.34
431.8
5.4
95.3
144.88
43.44
13.8
552.88
45
177.36
60.38
33
0
27.7
186.86
231.84
0
4.42
21.42
19.94
342.2
57.64
26.6
160.88
595.6
86.64
35.8
117.52
36
3.16
1.58
12.88
19.98
221.44
264.36
1.38
0.34
45.76
61.32
254.06
68.32
32.28
0
0
28.36
15.24
77.48
10.84
18.34
0.2
0
0
0
0
0
95.78
492.7
23.56
13.52
39.96
1.64
75.54
12.64
12.66
69.82
2.2
130.9
56.32
789.48
79.14
89.44
8.94
9.76
67.72
34.32
22.06
3.82
0.54
6.76
91.46
19.52
232.56
5.76
1.78
7.82
59.1
111.92
102.9
5.28
37.8
235.48
127.34
49.58
0.68
0.2
0.06
74.94
19.38
14.42
9.94
10.14
67.56
46.86
8.86
0
0
25.82
4.3
0
0.34
32.78
22.72
6.36
18.74
6.2
12.7
26.2
15.04
2.16
1.1
213.54
71.7
43.92
126.58
90.3
188.08
50.26
3.68
157
783.46
0.9
244.04
31.38
436.6
83.64
89.8
0.34
21.22
556.46
8.3
24.76
122.16
348.68
139.22
1.1
22.38
128.34
92.8
0.42
37.5
355.08
67.22
1.92
0
0
0
135.1
17.3
47.52
401.66
210.8
26.6
80.98
162.32
67.78
6.72
0.06
35.92
186.52
16.2
0
40.2
30.84
225.58
39
147.26
0.28
120.02
0.14
2.88
3.76
22.92
26.02
383.14
293.2
111.62
314.48
111.04
82.62
46.26
12.32
5.18
179.48
58.84
0
0
0.06
96.4
6.6
144.82
80.08
0
0
96.4
69.28
69.6
156.42
67.32
0.68
0
0
0
0
101.46
0
24.24
87.54
0
0
244.54
1.92
4.6
111.38
237.2
2.74
0
1.72
4.38
15.42
265.6
125.14
83.42
7.72
0
0
0
0
0
0
0
22.68
85.32
0
0
0
0
1.1
31.18
0
50.74
41.82
2
0.68
0
0
0
0
250.7
1062.58
0.9
2.82
289.86
35.7
54.38
0
0
0
0
0
0
8.58
0
0
0
0
0
10
31.42
12.74
0
2.82
0.78
180.22
250.68
33.02
0
0
0
0
0
31.58
0
0
71.78
164.72
0
0
0
0
0
0
0
0
18.16
19.56
105.58
80.02
5.94
0
99.26
10.12
0.72
10.96
0
11.68
7.2
0
0
0.28
44.98
4.56
27.4
59.64
1.24
34.6
0
0
428.48
519.04
74.7
0
0
0
0
286.92
9.92
0.2
0.82
118.04
172.46
0.34
14.66
663.6
22.12
33.38
16.68
0
0
0
15.64
0
0
0
104.9
3.22
366.06
101.38
0
103.4
3.98
0
0.28
3.54
11.54
8.42
0
95.04
45.76
3.3
0
0
11.2
16.34
13.38
110.68
101.56
10.84
0.48
0.54
13.8
30.28
0.14
1.92
0
226.24
7.04
0.9
0
0.14
37.42
7
18.96
22.66
143.02
9.72
33.88
166.96
7.52
2.4
7.94
0.68
6
21.84
6.6
0
0
0
0
7
6.48
1.02
0
0
0
0.28
0
6.12
8.42
9.82
17.44
8.82
0
106.8
23.38
28.66
79.34
103.88
4.16
0.68
0
0
0
0
0
0
0
0.34
0
0
0
0
4.76
108.32
108.24
7.42
0
0
0
0
98.08
106.56
313.7
4.72
0
19.18
0.92
0
0
0
0
0
0
129.06
68.74
552.88
135.78
0
3.2
30.76
1.44
0
0
416.8
200.42
19.46
82.36
9.2
33.34
269.14
235.38
3.6
26.5
33.58
8.2
5.98
144.88
80.42
137.88
239.02
34.58
0.28
7.28
78.96
2.54
6.96
1.86
8.52
0
0
0
9.44
112.88
4.78
1.92
62.96
193.4
6.46
3.2
15.96
6.46
0.2
0.14
0
0
0
0
0.06
0
0
0
0
6.72
10.5
15.38
14
43.88
26.44
51.36
91.18
10.64
144.34
19.64
0.2
0.34
0.82
0.62
0
0
0.9
0
0
4.4
0
31.1
18.34
0
0.82
0
57.06
469.4
226.32
267.92
54.66
5.76
1.1
48.62
164.94
21.22
27.12
38.18
9.06
12.08
0
0
1.52
129.02
8.86
0
0
11.16
567.82
10.44
120.98
2.96
59.32
19.98
0.2
0
0
0
0
26.1
19.02
224.26
574.52
4.54
104.38
72.58
19.56
0
0
0
0
0
0
0
0
0
1.02
0.2
0
0
3.36
0
0
23.34
109.66
0
0
0
0.94
7.08
12.22
1.64
215.3
0.76
0
12.22
127.02
0
0
3.58
271.3
196.48
794.2
106.32
0
0
0
124.12
0
0
11.5
6
0
0
0
36.08
15.32
194.18
1.64
5.84
99.7
71.96
108.84
210.6
9.38
2.2
31
243.32
19.16
43.54
36.94
0
0
0
0
13.32
3.3
10.1
5.56
0
13.66
14.62
92.56
239.3
69.96
2.6
71.2
32.3
392.56
72.38
127.86
153.88
74.82
529.16
51.86
6.42
17.78
124.42
0
0.14
13.36
31.34
0
0.2
2.02
0.06
0.68
193.66
90.02
39.58
2.26
74.84
46.34
2.68
2.92
18.6
1.44
0
0
0
0
0
36.46
15.68
29.46
24.5
0
41.06
258.7
18.24
26.78
1.82
6.24
6.72
66.22
385.8
77
0.76
0.34
142.24
166.86
131.18
52.52
128.3
9.38
0.42
0
0
4.4
2.98
7.42
31.9
231.54
42.54
48.76
52.94
374.22
34.74
320.74
58.5
127.72
0
91.66
211.7
120
734.24
7.08
25.54
22.66
1.38
266.28
49.5
86.14
864.48
51.78
26.84
2
263.32
90.22
31.48
56.18
98.16
213.1
35.7
19.3
30.18
15.8
1.52
1.38
10.64
44.36
65.02
18.88
30.48
117.14
34.88
48.64
40.72
3.16
0.28
3.08
17.78
0
1.72
5.02
142.34
124.22
106.92
12.7
46.34
113.64
33.06
175.72
71.78
98.54
23.34
0.68
11.6
112.88
2.68
0.54
3.92
2.48
0
13.52
1.02
19.3
10.92
5.08
209.22
15.94
287.42
97.5
130.54
116.6
33.86
27.3
34.2
31.44
129.94
201.98
81.64
2.54
18.34
272.66
254.12
149.92
11.82
0
1.44
24.92
29.32
5.14
10.36
2.68
0
0
9
2.54
0.2
0
0
0
0
0
0.42
0
0
11.6
5.84
52.52
88.02
6.46
0
0.96
250.42
1.1
0.82
0
0
0
0.42
16.2
0.68
0
0
0
0
0
0
0
0
0
0
0
0
0
0
0
0.06
83.7
2.88
315.44
72.44
0
0
5.36
0
4.12
129.4
332.48
9.26
48.88
0
0
0
0
0
0
9.96
36.52
0
0
0
0
0
116.8
5.42
0
0
323.2
13.18
66.06
24.86
0
0
0
0
0
28.88
0.2
0
0
1.72
0
0
0
22.18
27.44
188.4
66.22
22.24
4.08
0
0
39.96
413.02
30.8
4.46
1.3
0.96
0
8.92
4.6
0.34
0
0
0
0
0
0
0
0
0
0
6.32
67.08
5.56
0
0
0
0
0
0
0
10.02
0
7.82
0
0
0
0
65.58
0.54
1
0.62
0
0
0
0
0
0
0
0
0
0
0
0
0
0
0
0
8.66
4.64
34.64
0
0
0
111.92
13.74
0
0.2
15.86
0
0
0
0
0
0
0.54
0
0
0
0
0
0
4.06
4.74
29.38
21.5
57.06
0
78.38
38.8
0
0
2.34
0
0
0
0.14
238.98
37.9
61.46
0
0
0
0
7.8
0
477.48
93.34
157.32
9.82
14.64
14.34
0
0
0
0
0
0
0
0
0
30.72
18.98
0
0
0
97.68
585.2
1.78
0
146.8
0.34
205.3
59.4
288.98
34.26
44.16
54.76
38.46
8.18
2.68
0.42
11.32
10.92
0.14
0
0
0
86.32
209.28
61.38
0.14
127.92
77.6
3.08
61.46
30.94
0.54
438.46
149.14
325.68
141.86
10.48
19.88
0.48
0.54
0
76.56
269.74
11.3
0
0
185.16
38.34
32.58
1.16
255.9
200.92
0.48
0.06
0
0
0
0.42
153.98
3.84
5.14
751.88
70.76
7
300.24
781.7
1474.54
129.12
24.1
0
0.34
17.38
1.02
0
0
0
1.92
0.76
34.58
40.2
0.34
1.16
12.9
70.42
2.06
110.18
281.9
70.34
0
0
0
3.82
340.46
16.04
10.16
68.52
44.22
95.64
33.56
8.58
2.26
1.16
0
34.68
161.32
47.14
50.74
151.44
256.54
140.46
22
154.74
256.5
168.36
32.2
75.98
37.02
4.46
95.96
19.7
32.48
114.42
35.08
75.32
22.32
0
34.4
3.88
0
0
0
0
0
57.68
7.2
9.2
0
17.34
17.1
0
0
5.9
7.42
4.18
13.18
35.7
8.66
204.42
305.9
404.58
2.96
0.9
15.04
0
1.52
25.4
4.12
1.58
0.68
56.92
27.22
141.08
20.9
60.74
17.3
13.94
7.9
43.62
422.4
218.74
0
0
0
0
6.84
27.54
48.88
48.7
103.16
116.24
46.32
7.76
0.14
0
0
26.3
23.48
0.68
25.3
13.48
0.62
72.48
77.28
94.72
20.62
95.5
181.58
17.18
23.62
6.36
12.68
16.52
5.8
68.12
90.32
41.26
13.32
0
8.58
206.38
23.14
0
0
0
1.16
37.62
241.5
1.44
8.2
12.3
9.82
148.8
89.54
112.3
109.94
74.16
4.88
0.68
82.64
55.92
10.3
2.6
0.2
0
0
0
50.88
331.38
55.42
0
0
0
0.14
105.2
0.62
0
32.2
21.22
184.58
99.5
73
15.04
6.6
3.44
0
0
0
0
20.4
21.9
3.58
3.02
0
0
0
0
28.28
28.56
0
39.82
336.46
0.62
0
0
33.72
10.16
0
0
0
0
0
0
45.42
67.9
0.96
141.1
1.86
0
0.14
13.14
18.62
0
0
5.26
4.32
0
0.48
28.48
4.74
0
6
29.7
0
0
1.72
0
0
0
0
0
0
70.32
112.8
352.08
22.04
43.6
10.58
2.16
248.66
212
70.6
0.48
0
0
27.08
170.98
147.6
75.84
51.3
2.44
5.76
15.18
204.72
5.12
121.12
2
0
26.72
0.14
9.24
0
50.22
0
0
29.22
5.12
0
0
0
0.96
5.12
62.28
1.38
562.44
1.82
0.2
0
0
0
0.28
0
0
3.2
44.64
18.62
0.34
0.34
4.56
0
0
0
0
0
0
0.34
28.4
52.98
6.24
45.96
205.14
0.9
1.44
5.26
443.86
191.84
33.5
11.08
22.56
189.2
40.76
81.1
0.82
0
0
300.86
1102.92
48.68
76.48
118.46
5.4
98.58
424.08
162.4
78.82
109.2
41.24
31.58
17.26
1.02
1.78
0
1.6
1.44
9.96
7.2
14.08
11.78
4.42
1.52
111.76
0
0
0
23.66
9.72
2.78
10.68
8.42
10
204.32
187.6
20.66
49.04
11.82
9.38
7.52
2.88
0
0
0
0
0
0
0
0
5.9
80.72
227.56
65.08
250.24
64.14
0.14
0.14
4.78
0.82
199.84
260.42
89.26
164.14
69.9
5.48
4.32
10.1
17.16
25.26
0
0
6.9
0.96
0
0
1.24
0.48
0.48
78.9
0.68
0
0
0
214.26
159.06
19.02
69.42
89.96
344
107.16
13.6
5.76
3.08
7.34
2.34
3.84
14.28
63.86
24.16
24.78
5.5
3.02
0.96
0.06
0
0
0
148.86
93.58
186.5
257.9
114.32
52.4
26.3
11.74
23.18
105.54
61.94
26.92
15.52
0.54
0.2
5.36
46.62
11.26
0.76
0
28.98
40.78
72.16
75.46
58.02
77.12
32.9
7.14
6.38
0.82
3.02
0.82
1.72
0
0
0.34
4.18
0.28
0
155.04
17.38
174.82
0
32.04
98.4
13.8
37.66
67.64
21.26
9.96
0
0
0
0
0
354.38
486.66
288.98
39.34
1.78
8.62
0
0
664.96
813.02
542.08
119.34
95.76
39.14
13.6
0.28
27.26
235.62
593.88
2.26
40.16
0.28
0
0
0
11.88
118.82
119.4
121.58
21.18
9
8.2
0
56.7
1.38
33.4
0.48
557.76
12.02
203.66
1.68
6.76
0
0
0.14
76.32
180.48
0
0
0
0
0
0
33.72
2.36
0.28
0
0.34
28.12
0.42
3.54
43.08
0
0
0
0
54.08
170.9
268.58
1.24
0
0.14
3.94
0
0
0
0
16.24
118.54
62.62
1.58
0
0
81.72
16.86
29.34
0
0.34
55.78
0.62
119.64
39.24
6.7
28.56
65
0.28
1.06
3.26
0
0
11.4
0.34
194.08
28.9
0
0.76
0
0
9.34
116.08
27.3
0
0.14
58.78
12.98
0
0.34
115.42
6.46
0
0
0
0
0
0
197.34
710.98
0
0
30
8.58
1.1
0.48
32.06
12.16
80.14
408.22
203.52
13.46
21.14
37.7
14.42
20.32
0
0
0
0
0.2
7.28
22.22
0
244.04
73.14
159.5
89.9
57.88
62
143.46
0.14
0.54
11.2
0
0
121.52
0.34
22.9
0
0
0
0
0
72.48
30.66
0
0
21.32
19.1
193.16
196.38
147.26
82.68
4.74
7.56
0.14
0.2
0
0
0
0.68
0.68
0
0
0.14
0
31.38
284.48
2.88
19.02
4.54
519.68
0
0
0
0
0
0
0
12.02
372.1
0
3.64
664.66
109.14
2.58
0
0
138.6
56
13.52
15.44
4.8
0.68
2.52
31.24
32.24
2.86
0.96
0
0.06
2.06
0.28
2.78
177.74
1.02
17.68
26.4
215.98
38.9
4.04
386.16
116.32
94.14
278.78
51.08
11.6
195.62
63.2
14.28
3.44
0.82
10.02
40.72
9.68
26.3
42.7
12.9
0
4.32
0
0
1.52
0.14
2.2
10.98
7.14
48.68
19.7
110.54
352.18
165.86
142.24
42.94
22.72
28.08
143.64
13.88
0.62
0
0
0
0.96
0
0
0
12.78
227.62
222.68
33.5
3.98
26.78
17.02
6.18
4.54
0.42
7
194.38
296.84
127.38
19.64
2.34
0.62
0.42
0
0
2.48
23.76
17.04
15.3
25.68
8.54
7.52
2.9
7.6
0.78
280.92
228.76
33.68
86.84
36.04
57.62
11.24
0.76
3.16
14.62
7.1
0.54
10.42
17.98
50.6
20.12
115.02
112.96
237.24
60.64
11.46
152.92
88.82
140.86
262.36
22.18
0
0
0
2.88
0
76.02
54.04
2.96
113.92
33.92
12.84
240.12
29.6
0
3.22
478.32
109.1
128.68
149.9
291.3
43.92
23
3.08
82.06
24.76
0
5.84
90.06
563.9
73.72
10.64
8.18
0.2
44.04
96.82
6.18
35.6
14.38
0.62
0
0.9
4.6
0
0
66.84
141.32
86.38
8.58
0
0
0
0
0
380.84
410.54
151.1
209.36
8.86
29.08
3.82
145.94
35.72
11.5
0.76
2.68
0
108.42
16.84
73.56
4.66
75.66
12.98
0
0
1.38
2
11.26
108.36
25.02
40
10.72
7.34
1.58
0
0.06
0
0.34
0
0
0
0
0
0
0
0
16.9
5.56
0
0
12.64
3.5
4.64
0.34
8.24
71.34
17.5
27.32
194.04
81.98
0
0
0
3.78
1.1
64.48
458.82
110.06
9.26
2.58
0
0
0
128.54
72.38
97.68
52.66
8.06
3.02
0
2.74
12.4
22.76
0
0
0
0.42
9.58
31.18
6.48
0
26.82
4.66
50.34
250.64
269.7
19.74
15.86
0
0
5.64
0
0.14
80.3
10.02
1.44
5.28
248.5
119.86
51.64
15.46
14.76
0.76
0
0
34.54
3.88
7.72
12.18
87.62
175.82
48.48
0
0
0
0
0
1.02
0
59.78
31.24
106.56
182.62
69.62
0
0.54
78.18
662.08
123.46
71.44
36.84
7.72
0
0
9
22.94
200.94
119.3
45.32
36.5
0
0.68
192.54
132.24
4.56
117.22
9.1
1.3
0
100.04
2.96
0
0
5.7
6.14
26.74
0.28
3.58
0
0
4.54
64.28
559.52
41.74
1.86
110.06
37.26
0
0
0
0
0
1.92
39.58
35.36
0.78
0
0.14
0
0
0.28
1.78
2.74
8.1
12.42
21.62
11.6
0
3.06
4.8
626.8
104.16
153.5
24.96
259.68
19.44
15.24
5.22
52.48
0
0
21.8
215.42
19.64
1.02
34.6
94.96
54.76
70.18
514.44
29.7
341.4
53.08
4.66
0
0.14
8.72
0
0
7.76
48.54
25.74
2.12
0.82
1.86
0.42
0
0
0
0
0
0
0
1.38
30.08
200.36
89.72
24.44
25.16
19.7
0.54
7.14
111.1
34.44
3.46
0
3.68
0
9.58
2.4
31.94
16.72
10.02
7.62
0
2.82
83.54
297.96
123.42
20.8
15.68
17.92
6.04
18.92
8.58
1
25.64
15.18
15.08
4.46
0.64
14.2
143.2
84.32
1.16
154.08
51.84
464.48
6.32
131.9
108.14
0
0
114.12
9.54
1.02
0
0
0
133.46
278.7
122.98
25.72
90.44
82.72
149.56
150.28
1.44
72.26
23.76
115.46
26.44
22.14
13.38
0
0
0
0
10.02
20.5
4.18
58.64
238
292.52
111.78
66.68
30.06
28.78
3.44
3.02
0.14
8.28
21.46
143.62
8.38
5.8
7.4
32.78
47.88
7.16
0.06
0
23.14
0
2.54
0.62
8.5
18.4
33.48
3.34
4.42
0
9.02
0
0
0
0
0
0
0
269.7
283.08
20.5
205.04
500.66
108.08
146.66
29.04
113.22
103.06
68.8
1.16
18.96
0.28
0
55.76
0.14
0
612.14
34.26
145.32
180.66
38.38
0
12.02
0
0
0
0.68
11.74
39.14
176.82
146.26
17.92
0
408.42
148.8
222.12
43.54
149.96
148.24
392.7
91.52
52.6
11.2
9.4
269.72
13.74
0
19.44
833.38
17.1
7.62
125.32
0
67.98
149
31.24
0
32.76
152.78
19.78
9.82
0
0
0
36.28
218.84
24.86
169.68
23.92
0
0
236.54
311.18
33.2
16.04
5.32
0
0
0
0
0
0
0.96
176.3
93.56
8.2
85.36
16.06
4.78
0
0
0
18.88
29.46
0
0
317.58
17.86
0
0
110.44
356.36
149.66
69
30.84
22.6
93.22
106.84
50.98
2.54
92.86
0
0
33.96
111.82
240.32
0.48
0
0
0
0
0
71.9
509.9
381.5
2.2
12.66
4.26
1.92
23.1
0.06
0.78
12.64
5.98
10.36
2.12
8.52
4.16
0
1.86
0.34
0
111.46
392.92
1.52
0
0
0
0.14
0.54
109.96
247.26
320.44
239.4
70.24
175.64
0.82
14.14
37.04
2.06
5.5
179.48
5.08
6.8
28.16
44.98
24.86
1.72
7.7
0
0
0
0.06
46.34
1.1
3.58
0
1.92
2.88
4.88
44.56
78.9
0.42
0
0
60.08
8.86
8.34
2.06
6.7
29.04
5.88
17.82
3.78
6.96
56.58
11.92
12.32
21.76
5.42
198.38
69.76
5.28
5.36
0.14
0.34
7.82
25.1
303.26
704.92
62.7
23.6
22.94
1.38
0.68
0
3.78
71.04
60.56
226.62
39.42
0.48
8.9
219.74
73.98
330.44
294.84
208.04
61.04
7
9.24
9.88
0
0
0
0
0
0
1.58
0.9
0
0
14.62
10.44
0.62
0.76
57.84
6.38
3.02
0.06
59.46
292.58
218.5
304.66
167.02
0
77.14
3.22
115.22
277.2
2.2
245.62
70.04
107.66
29.76
29.18
4.46
2.06
0
83.26
2.96
0
17.16
0.62
0
0
0
16.06
19.22
88.62
156.42
1.84
357.14
0.52
7.14
0.48
0
0
0
0
0
0
0
0
0
2.66
1.52
2.72
0.2
6.32
1.86
1.76
0
0.48
8.94
28.68
0.06
0.42
3.74
0.48
24.14
74.02
66.58
0
2.54
1.72
27.02
73.92
243.7
113.64
19.2
0
28.02
164.84
224.5
26.68
3.74
3.54
308.06
95.2
49.82
100.38
82.88
29.52
23.76
0.14
2.02
7.38
129.56
22.76
27.44
69.9
4.36
4.8
79.36
7.94
245.62
21.22
62.34
586.86
7.52
0
269.02
52.46
0.14
108.08
67.08
40.1
53.9
189.18
92.66
2.2
6.86
0.96
0
0.14
261.02
60.9
175.98
3.3
0
0
26.64
11.54
70.24
9.88
0
1.16
72.58
527.62
187.38
50.78
5.98
35.64
1.02
320.32
39
11.82
46.08
0
0
10.02
3.36
36.6
137.54
92.9
160.46
356.54
204.28
102.1
78.62
154.9
121.6
41.26
143.92
235.38
177.64
68.8
34.06
155.32
142.04
96.88
43.94
0.28
14.36
278.78
335.84
29.52
0
0
0
0
0
16
9.06
0.28
0.96
0
92.62
110.14
31.32
23.2
585.82
0.9
0
397.9
6.7
0
0
0
227.14
486.62
246.36
76.52
0
0
15.38
0
0
39.8
1.86
0
0
0
5.36
256.42
16.66
0
7.18
54.08
4.16
187.88
20.94
0
0
0
4.36
149.18
54.76
30.04
0
64.36
551.78
69.96
0
251.72
4.16
7.32
0
9.2
3.02
0
146.8
9.78
0
0
3.6
0
0
0
0
0
91.04
12.78
72.3
513.72
180.1
670.1
0
0
5.76
33.02
121.2
153.2
178.12
104.92
7.56
8.24
0
57.6
102.32
9.06
1.02
1.3
10.16
0
9.06
3.5
0
0
0
0
0
1.52
32.72
38.8
0.14
65.4
0
690.8
35.2
13.84
0
6.48
79.54
1.86
0
42.02
18.12
0
0
17.52
15.86
308.1
19.2
0.14
0.14
0
184.16
648.58
305.9
83.36
45.58
14.6
148.42
31.2
55.68
79.76
21.04
2
5.18
2.36
2.34
177.8
133.5
26.74
10.2
0
20.56
16.48
47.9
1.16
5.36
119.2
75.8
15.56
41.82
24.24
6.04
0.34
68.4
108.5
48.96
16.52
4.88
87.54
123.18
66.2
84.18
1.92
2.74
253.16
403
141.1
33.72
16.42
251.28
243.76
16.62
18.88
51.84
44.16
16
58.4
11.82
6.66
1.24
14.9
94.76
0
0.28
23.2
117.9
49.44
30.9
0.28
1.24
0
0
24.5
24.44
18.98
0
0
0
0
0
15.2
7.2
0
6.36
27.6
200.32
201.94
4.08
44.6
237.68
236.2
22.72
160.22
67.36
17.72
0.62
0
1.04
12.54
129.36
352.12
46.7
70.14
266.14
400.56
77.38
4.94
42.84
117.62
90.3
11.74
13.52
0
1.58
44.02
43.84
1.64
0
10.16
25.48
63.3
18.74
3.84
0
0.68
0
19.98
70.48
7.96
190.06
86.9
91.26
2.06
9.2
67.78
57.12
47.3
0
0
0
12.16
2.26
0
5.56
0
0
0
0
8.04
97.1
14.62
8.3
0
235.38
77.86
16.48
1.24
6.12
53.62
105.2
10.64
10.84
0.42
0
4.32
0.34
0.62
51.84
96.34
114.18
14.42
0
420.36
56.24
8.78
57.96
233.6
349.84
49.24
0
0.2
8.52
268.14
32.76
6.52
127.78
1.52
1.86
0.06
11.74
8.18
0.14
0.28
0
44.76
3.64
33.98
9.54
12.16
9.4
85.76
340.24
0.54
0
21.76
0
0
52.04
2.48
2.06
0
1.3
253.62
41
2.88
2.54
209.9
200.54
64
11.64
0
0
0.9
270.26
23.72
0.86
696.3
7.42
28.32
0
0
0
58.54
21.04
0
38.86
213.84
1.1
14.16
18.48
7.32
0
40.68
357.84
7.2
0
0
4.94
3.58
1.24
5.12
68.18
100.12
4.46
6.86
11.54
0
0
0
0.68
0.14
37.98
139.14
11.46
229.62
33.38
0
0
2.88
14.08
0.92
6.96
0.28
0
171.76
46.34
0
0
0
0
124.04
1.78
0
0
0
10.3
208.02
73.02
106.3
0
0
0
0
0
2.4
1.02
0
0
0
3.24
0
0
4.4
199.44
62.52
8.34
0
0
0
0
3.44
85.9
25.14
70.66
0
0
0
0
0
0
10.36
8.72
0.2
9.4
230.44
367.36
1.78
40.92
19.3
38.8
164.66
23.2
0
0
9.4
1.02
8.04
0
0
0
0
2.6
0
0
1.92
24.66
3.98
259
4.32
63.2
9.06
59.94
0.9
0
1.1
3.78
26.22
2.74
0
19.8
332.74
260.96
97.84
0
11.68
2
2.68
0
0
0
0
8.24
243.76
298.58
185
18.82
3.02
119.82
3.88
67.26
72.1
3.12
95.76
17.44
31.9
26.74
54.7
14.12
84.22
0
0
0
79.72
40.52
59.46
0.76
22.34
28.28
0.42
131.26
289.28
39.9
1.1
70.72
42.3
0.2
77.94
242
45.46
2.06
21.36
19.7
21.9
3.5
1.92
3.08
3.98
15.1
87.9
42.44
4.6
42.7
100.94
268.76
116.46
40.38
8.38
19.5
38.1
77.42
84.8
154.56
121.4
6.12
13.74
184.78
7.34
1.16
12.7
495.34
113.16
21.42
0
24.86
238.36
103.4
20.12
106.54
102.44
13.88
0.68
81.5
2.88
3.02
0.06
5.22
36.12
35.92
3.22
23.62
26.1
87.48
12.36
1.54
8.9
0
49
365.54
90
26.92
5.32
235.14
58.74
26.86
16.14
4.88
0
0
16.3
97.04
130.68
265.5
7.18
42.36
24.06
145.06
248.9
127.76
181.3
16.04
128.1
6.6
2.74
144.12
51.42
7.82
1.58
139.32
25.82
0.06
0.28
8.92
3.08
0
4.54
4.32
0
0
0
0.68
10.1
256.12
40.72
0
1.1
7.14
274.32
221.52
81.78
0
57.48
120.44
341.84
0
203.8
188.32
5.42
0
85.08
78.42
54.52
25.72
4.02
11.74
16.96
0
30.76
74.98
8.1
0
0
16.9
1.02
0.28
30.22
2.48
0
0
8
0
0
0.2
326.32
228.86
94.56
693.16
272.94
37.22
14.86
4.54
102.44
239.44
249.18
101.34
54.76
58.1
41.4
13.6
3.58
0
0
0.2
6.8
5.5
3.22
0
0
37.98
115.42
49.98
2.68
165.44
146.54
2.82
101
2.26
0.48
0
190.1
44.36
11.02
14.86
77
158.32
21.02
92.46
105.68
405.64
326.78
35.92
76.9
112.1
88.4
34.78
0.2
0
0
0
0
0
0
7.52
3.16
0
0
2.26
8.72
0
3.98
0
0
5.44
2.96
1.38
11.64
2.24
0
0.48
0
1.02
0
0
0
5.22
106.3
54.62
0
0
0
37.12
0
61.12
0
0
128.82
349.82
3.22
0
284.06
1.44
0
0
0.14
0.54
0.68
27.4
0.54
0
29.12
12.98
0
0.42
0
17.3
0
0
2.48
2.74
0
0
74.92
34.06
0
0
6.94
0
0
0
0
0
3.64
363.38
660.7
5.22
0
0
1.16
7.82
0
0
48.96
31.66
1.02
0
0
0
0
0.14
229.54
126.96
47.1
0.82
7.42
4.26
26.1
0
0
0
356.78
99.88
0
0
2.82
0
19.4
104.58
0
1.58
9.14
10.96
42.12
164.58
48.58
8.42
21.04
0.42
0
4.08
544.96
89.16
0.68
0
0
0
141.8
423.42
288.4
62.22
2.74
0.34
0.9
0
98.94
78.8
95.72
226.94
91.74
88.24
0
9.82
804.54
94.42
15.18
56.92
1.24
287.36
85.7
16.92
23
16.9
57.54
44.98
47.44
26.22
0
196.58
406.5
0.96
44.9
3.08
107.6
219.14
38.46
21.52
69.28
8.86
2.82
4.66
10.44
6.66
7
37.52
232.08
0.28
6.72
0.9
154.88
115.9
41.64
105.06
43.3
0.42
0.28
22.46
0.96
9.4
1.58
10.24
51.02
11.74
5.04
0.68
42.92
22.8
0.54
559.14
97.3
93.32
32.28
3.16
1.14
0.48
0
0.14
4.74
34.44
34.34
9.16
8.24
0
0.06
6.18
0.2
0.06
2.12
0.06
2.34
0.62
0
0
3.02
6.56
0
0.9
0
0
0
0.04
0.04
0
0
175.64
134.18
0.06
0.2
0
5.9
125.52
5.9
32.2
15.66
41
48.48
32.24
149.24
58.02
89.92
38.1
0.96
1.02
0
2.34
0
0
0
0
0.04
29.94
410.16
4.5
27.6
90.68
193.88
22.14
110.92
7.38
0
0
0
0.04
0.04
0
40.06
82.54
184.92
65.54
91.18
2.84
0
0.76
88.16
0
0
0
0
7.2
0
16.66
28.9
0.04
0.86
0
0
0
0
0
0
0
0.28
40
10.3
49
0
53.04
76.7
3.94
0
0
0.48
25.74
0.14
0
0
5.98
0.14
81.16
0.96
369.7
282.42
10.72
263.88
40.72
1.58
0
4.18
48.92
56
23.9
221.04
15.32
0
0
137.32
73.06
0.06
0
14.6
170.42
176.74
27.8
323.14
365.64
62.48
13.88
53.36
305.84
0.06
17.78
3.08
3.92
37.02
45.6
2.36
98.7
8.34
730.28
0
0
0
24.52
1.72
1.3
0
0.04
0
0
30.62
2.92
0
0
0
0
0
0.52
3.4
33.5
0
4.26
0.34
61.84
676.14
18.2
0
4.84
594.8
0
356.58
169.4
31.92
56.3
103.88
39.68
7.28
118.52
11.68
21.08
1.68
5.88
0
0
1.38
15.52
7.7
8.78
0
625.6
0
0.38
0
0
0
0
182.1
39.76
2.6
0
1.3
7.56
0
0
0
0
0
17.02
600.2
59.12
0
0
0
0.62
86.52
164.86
6.66
314.56
60.9
0
0
0
3.3
0.04
13.12
12.08
0.28
7
0
6.12
331.92
275.68
277
7.42
0.04
0
0
0
0.96
0
0
0
0
0
0.04
0
0.04
0
0.34
2.2
67.56
101.7
58.58
90.4
5.8
0
10.44
14.56
0
0.04
0
0
206.62
14.42
6.24
0
0
2.88
328.22
18.6
2.06
273.42
0.42
5.64
2.2
83.56
30.04
0
553.88
427.78
54.58
52.74
139.12
0
0
0
0.06
0
0
0
0
0
0
49.5
0
0
0
0
3.98
0
0.9
0
0.54
0
0
0.42
246.72
154.08
125.46
129.4
81.16
209.52
44.66
0
0.04
0
130.26
16.2
24.34
58.54
226.86
101.46
135.68
22.72
168.06
96.26
63.28
29.18
23.14
4.26
5.02
0
0
30.76
482.1
395.1
8.92
274.32
0.68
129.6
170.02
118.9
21.98
14.42
10.88
14.42
1.24
0
4.64
11.16
0
0.04
0
0.04
0.48
236.48
121.78
45.42
3.3
17
11.88
5.98
53
14.14
122.56
25.4
101.22
56.16
22.8
33.62
9.82
0.28
0
14.72
0.44
0
8.68
15.58
12.78
0.06
17.82
101.7
35.4
11.92
2.5
10.5
14.84
3.22
0
1.58
9.72
22.72
23.34
5.6
0
0.04
0
0
21.84
78.8
68.88
66.4
9.62
89.98
7.62
0
20.6
7.42
11.12
0
0
0
0.04
285.82
79.18
29.94
36.98
3.94
59.18
8.38
0.68
0.42
0.06
0
0
0
9.48
13.26
0
11.74
195.72
5.28
33.1
150.16
11.94
0.06
108.7
273.08
79.86
12.16
30.24
312.88
240.4
6.86
47.92
100.5
74.36
39.8
13.9
33.72
113.5
0.28
0.14
0.28
0
108.62
258.8
3.98
19.56
0.62
0.62
94.86
82.54
4.8
16.42
0.76
0.04
0
20.88
11.06
0
18.06
10.02
11.12
47.18
0.2
150.2
508.88
486.62
78.58
53.22
13.8
139.74
477.36
38.52
11.46
81.44
39.56
2.68
6.72
509.26
24.76
4.88
30.22
25
51.02
1.24
29.86
73.12
111.14
78
0.14
0
0
4.8
54.56
4.26
82.88
46.28
9.06
0
0
8.76
58.02
16.68
0.48
0.2
0
467.22
353.7
0.06
2.68
65.1
103.96
5.36
10.34
0.68
62.08
31.42
0.2
0
3.08
7.66
6.04
0
0
0
6.86
4.88
10.64
0
0
0
0
2.88
85.22
61.04
0
0
0.34
29.52
2.68
5.56
87.82
66.4
0
0
0
0
0
2.54
0
0
0
12.06
0
0
0
0.28
21.56
8.78
14.42
129.32
24.04
0.34
0
4.64
101.58
402.3
254.74
219.66
72.82
54.24
40.04
17.3
17.16
0
0
0
0
47.96
160.78
24.3
12.64
0.06
0
0
20.8
59.8
0
0.1
0.34
0
602.12
31.66
708.34
45.86
0.06
396.3
23.9
1.88
0
0
0.48
0
0
86.34
15.68
95.58
165.9
23.76
35.44
0
49.92
53.48
0.62
0.58
0
0
0
43.74
120.48
11.2
1.58
0
73.48
345.34
230.78
0.06
0.04
40.34
1.58
7.86
32.54
257.08
110.06
113.26
26.84
0
0
371.64
118.54
43.8
9
0
0
0.28
1.24
0.1
0
0
19.36
12.5
0
0.42
8.28
681.98
874.62
583.24
259.82
41.58
11.26
38.38
51.3
117.34
69.32
67.78
94.38
137.54
3.98
58.92
20.26
1.24
49.02
145.92
115.64
66.6
53
68.32
0.54
83.56
6.72
43.4
2.92
0
37.14
39.72
49.98
4.12
0
5.7
0
121.08
54.54
2.48
28.22
49.64
12.16
0.7
0
0
40.96
175.34
16.28
64.7
31.24
135.72
31.48
51.54
27.46
193.9
172
18.48
16
3.34
33.74
23
0.54
83.16
237
0.28
4.7
17.7
53.48
217.4
51.3
58.02
129.44
126.04
135.44
31.24
23.08
48.88
366.7
114.22
12.56
18.6
80.96
12.12
1.16
0
0
0.96
9.82
10.72
20.88
30.7
7.76
0
0
0
3.44
4.8
0
0
4.12
181.48
73.64
77.86
0.14
85.96
18.96
63.04
14.22
14.22
5.56
0.06
64.96
324.64
1.86
62.96
2.98
0
48.58
308.1
8.18
5.84
0
79.96
117
295.6
35.5
0.14
7.2
2.02
21.02
30.86
67.02
14.42
36.8
119.1
14.12
265.04
91.8
0.06
0
27.94
29.32
0
13.04
201.12
238.34
61.38
27.5
0.76
0.3
0
29.76
672.88
121.74
315.86
187.8
105.4
157.14
512.92
20.56
14.76
29.52
9.26
39.92
259.9
338.8
11.44
26.4
0.14
0.68
478.32
397.78
42.94
424.08
103.3
27.74
9.78
67.88
28.64
80.58
213.96
25.06
0
242.04
106.02
100.74
80.38
88.98
69.6
10.22
0.54
17.26
0.14
0
26.82
27.84
136.64
15.12
0.06
27.54
9.52
114.02
16.66
0
0
0.82
4.98
59.92
37.28
15.8
60.76
3.54
11.62
11.94
10.88
124.94
11.54
0
89.2
143.44
18.26
6.48
11.6
0
1.16
74.16
27.2
27.22
2.26
0
7.34
0
0
235.46
172.62
167.82
13.88
0.34
0.14
0.06
9.06
0
0
0.04
519.44
1233.42
3.3
0
0
0
2
26.22
13.38
0.76
472.62
912.48
20.8
23.44
0.48
0
10.5
0.06
0
0
39.14
1.76
107.32
1.78
0
0
0
209.08
12.22
3.94
56.92
36.12
5.76
0
0
5.64
0
0
0
0
0.48
128.78
265.94
13.32
24.58
7.94
44.28
0.14
17.64
302.84
24.66
24.16
58.54
22.46
0.82
8.58
1.02
0
0
0.28
1.58
5.36
0
187.38
7.62
2.16
0.28
4.94
58.16
464.58
81.34
42.16
9
5.28
56.64
30.42
158.62
40.92
50.06
19.16
32.76
3.94
0.28
1.78
128.12
4.4
0.2
475.98
10.36
3.22
0
100.04
13.02
118.82
11.94
1.1
0.66
16.14
246.54
150.72
172.18
113.2
0
78.8
23.82
290.04
6.68
2.06
4.22
19.4
255.6
1.3
0.04
12.18
145.26
271.64
69.18
98.64
195.68
152.28
41.3
17.38
0.86
0
4.36
71.4
37.98
15.18
0
0
7
10.88
0.34
0.04
0
0
0
2.06
2.6
2.6
0.3
0
0
6.94
260.96
362.92
4.18
33.5
25.48
29.5
495.08
232.02
4.02
225.42
2.54
1.1
4.18
1.38
82.2
253.72
131.94
148.04
2.2
6.22
3.54
0.96
0.28
0
1.2
345.1
103.72
7.94
64.86
73.12
58.7
312.22
124.08
63.44
4.54
29.76
221.24
0
56.44
133.68
5.28
87.96
120.06
52.6
93.14
158.4
2.96
46.04
254.78
0
388.54
30.52
8.66
195.62
88.48
25.3
43.36
1.1
64.1
56.24
1.02
0
8.86
2.12
173.66
1.78
3.5
0
0.34
290.94
19.32
169.84
44.32
20.5
74.74
30.96
19.5
5.28
0
0
0
0.06
8.04
0
0.54
0
4.7
7.86
0
0
6.66
0
3.7
237.88
125.46
96.82
32.62
0
0
0
0
3.26
0
0
0
0
82.32
50.2
4.6
1.24
248.02
0.14
0
6.6
70.9
13.8
0
0
0
0
5.64
3.84
23.14
42.54
61.66
44.16
19.22
2.3
104.72
101.1
76.9
25.4
112.54
102.52
392.14
124.36
10.78
0
8.76
206.34
4.64
56.64
12.84
44.98
22.6
180.82
95.48
30.14
1.38
0
0.42
0
1.58
58.92
89.2
21.9
9.26
16.92
332.2
385.34
6.94
58.06
142.9
18.72
1.38
22.72
49.78
127.16
1.4
0
0
0
0
37.9
12.56
104.02
144.36
58.3
27.94
5.22
95.92
167.34
1.64
0.42
0
71.14
178.46
57.88
63.52
1.72
104
11.68
455.04
73.98
0.2
51.7
0
26.84
14.38
10.1
379.5
194.12
333.7
205.52
78.34
66.44
127.4
65.58
0.14
0
0
0
0.34
187.18
274.1
88.44
148.84
303.5
76.42
98.68
22.28
155.18
518.48
133.76
0.14
